              precision    recall  f1-score   support

         sjn       0.00      0.00      0.00         0
         tet       0.00      0.00      0.00         0
         wln       0.00      0.00      0.00         0
         ary       0.00      0.00      0.00         0
         pag       0.00      0.00      0.00         0
         mlg       0.00      0.00      0.00         0
         dws       0.00      0.00      0.00         0
         pdc       0.00      0.00      0.00         0
         ppl       0.00      0.00      0.00         0
         mgm       0.00      0.00      0.00         1
         hat       0.00      0.00      0.00         0
         rif       0.00      0.00      0.00         0
         hau       0.00      0.00      0.00         0
         tgk       0.00      0.00      0.00         0
         tly       0.00      0.00      0.00         0
         ext       0.00      0.00      0.00         0
         sme       0.00      0.00      0.00         0
         pap       0.00      0.00      0.00         0
         udm       0.00      0.00      0.00         0
         moh       0.00      0.00      0.00         0
         kal       0.00      0.00      0.00         0
         smo       0.00      0.00      0.00         0
         bvy       0.00      0.00      0.00         0
         afh       0.00      0.00      0.00         0
          \N       0.00      0.00      0.00         0
         ksh       0.00      0.00      0.00         0
         mww       0.00      0.00      0.00         1
         mrj       0.00      0.00      0.00         0
         nav       0.00      0.00      0.00         0
         cmo       0.00      0.00      0.00         0
         lld       0.00      0.00      0.00         0
         tpi       0.00      0.00      0.00         0
         shs       0.00      0.00      0.00         0
         zlm       0.00      0.00      0.00         1
         cho       0.00      0.00      0.00         0
         arg       0.00      0.00      0.00         1
         tir       0.00      0.00      0.00         0
         kum       0.00      0.00      0.00         0
         nog       0.00      0.00      0.00         0
         rue       0.00      0.00      0.00         0
         ldn       0.00      0.00      0.00         0
         afb       0.00      0.00      0.00         1
         min       0.00      0.00      0.00         0
         npi       0.00      0.00      0.00         0
         qya       0.00      0.00      0.00         0
         ltz       0.00      0.00      0.00         1
         pcd       0.00      0.00      0.00         0
         krl       0.00      0.00      0.00         1
         san       0.00      0.00      0.00         0
         ang       0.00      0.00      0.00         0
         egl       0.00      0.00      0.00         0
         bar       0.00      0.00      0.00         0
         haw       0.00      0.00      0.00         0
         sux       0.00      0.00      0.00         0
         xho       0.00      0.00      0.00         0
         kan       0.00      0.00      0.00         0
         guj       0.00      0.00      0.00         0
         asm       0.00      0.00      0.00         1
         ast       0.00      0.00      0.00         1
         bak       0.00      0.00      0.00         0
         amh       0.00      0.00      0.00         0
         pan       0.00      0.00      0.00         0
         tzl       0.00      0.00      0.00         0
         fkv       0.00      0.00      0.00         1
         nah       0.00      0.00      0.00         1
         mlt       0.00      0.00      0.00         0
         gsw       0.00      0.00      0.00         0
         kir       0.00      0.00      0.00         0
         oss       0.00      0.00      0.00         1
         shy       0.00      0.00      0.00         1
         tel       0.00      0.00      0.00         0
         lij       0.00      0.00      0.00         0
         awa       0.00      0.00      0.00         0
         got       0.00      0.00      0.00         1
         fry       0.00      0.00      0.00         1
         jav       0.00      0.00      0.00         0
         crh       0.00      0.00      0.00         0
         nov       0.00      0.00      0.00         0
         tam       0.00      0.00      0.00         0
         cha       0.00      0.00      0.00         0
         ori       0.00      0.00      0.00         1
         mri       0.00      0.00      0.00         1
         fao       0.00      0.00      0.00         1
         que       0.00      0.00      0.00         0
         lad       0.00      0.00      0.00         0
         max       0.00      0.00      0.00         0
         mya       0.00      0.00      0.00         1
         swh       0.00      0.00      0.00         3
         ckt       1.00      1.00      1.00         1
         bos       0.00      0.00      0.00         1
         tpw       0.00      0.00      0.00         1
         mon       0.00      0.00      0.00         1
         thv       0.00      0.00      0.00         1
         arz       0.00      0.00      0.00         1
         hoc       0.00      0.00      0.00         0
         uzb       0.00      0.00      0.00         2
         grc       0.00      0.00      0.00         2
         dsb       0.00      0.00      0.00         1
         hsb       0.00      0.00      0.00         0
         rom       0.00      0.00      0.00         1
         nst       1.00      1.00      1.00         1
         bua       0.00      0.00      0.00         0
         hrx       0.00      0.00      0.00         0
         zza       0.00      0.00      0.00         2
         pms       0.00      0.00      0.00         1
         mal       0.00      0.00      0.00         0
         prg       0.00      0.00      0.00         2
         xal       0.00      0.00      0.00         1
         csb       0.00      0.00      0.00         2
         kur       0.00      0.00      0.00         0
         sah       0.00      0.00      0.00         1
         gla       0.00      0.00      0.00         3
         cym       0.00      0.00      0.00         2
         slv       0.00      0.00      0.00         1
         grn       0.00      0.00      0.00         1
         tha       0.00      0.00      0.00         2
         sqi       0.50      0.33      0.40         3
         kat       0.00      0.00      0.00         4
         orv       1.00      1.00      1.00         1
         swg       0.00      0.00      0.00         0
         kha       0.00      0.00      0.00         0
         ota       0.00      0.00      0.00         2
         ceb       0.00      0.00      0.00         4
         nno       0.00      0.00      0.00         0
         pam       1.00      0.40      0.57         5
         khm       0.00      0.00      0.00         1
         chv       1.00      1.00      1.00         2
         lzh       0.00      0.00      0.00         2
         yid       1.00      0.33      0.50         3
         lvs       0.00      0.00      0.00         4
         urd       1.00      1.00      1.00         3
         war       0.00      0.00      0.00         3
         kzj       0.50      0.50      0.50         2
         gcf       0.00      0.00      0.00         4
         hye       1.00      1.00      1.00         2
         arq       0.00      0.00      0.00         1
         gle       0.00      0.00      0.00         5
         ilo       0.00      0.00      0.00         2
         dtp       0.00      0.00      0.00         2
         zsm       0.00      0.00      0.00         4
         cbk       0.00      0.00      0.00         4
         kaz       0.00      0.00      0.00         2
         est       0.00      0.00      0.00         6
         vol       0.50      0.33      0.40         3
         run       0.50      0.25      0.33         4
         gos       0.00      0.00      0.00         4
         avk       1.00      0.12      0.22         8
         cor       1.00      0.50      0.67         2
         afr       0.50      0.14      0.22         7
         slk       0.00      0.00      0.00         6
         mhr       0.88      0.88      0.88         8
         wuu       0.00      0.00      0.00         4
         glg       0.00      0.00      0.00         4
         ben       0.75      1.00      0.86         3
         aze       0.00      0.00      0.00         3
         ido       0.00      0.00      0.00         9
         hrv       0.00      0.00      0.00         5
         oci       1.00      0.14      0.25         7
         yue       0.50      0.50      0.50         4
         cat       0.33      0.11      0.17         9
         eus       1.00      0.25      0.40         8
         kor       0.50      0.80      0.62        10
         ile       0.00      0.00      0.00         9
         tuk       0.33      0.60      0.43         5
         bre       0.43      0.30      0.35        10
         uig       1.00      1.00      1.00         8
         lfn       1.00      0.25      0.40         8
         vie       1.00      0.92      0.96        12
         isl       0.85      0.69      0.76        16
         hin       0.92      0.92      0.92        24
         bel       0.91      0.56      0.69        18
         ind       0.64      0.69      0.67        13
         tgl       0.62      0.89      0.73        18
         tat       0.85      0.85      0.85        20
         nob       1.00      0.23      0.38        13
         jbo       0.80      0.80      0.80        20
         tlh       0.92      0.79      0.85        14
         nds       0.62      0.62      0.62        24
         ron       0.96      0.85      0.90        26
         pes       0.97      1.00      0.98        31
         bul       0.83      0.65      0.73        23
         ina       0.50      0.52      0.51        29
         srp       0.61      0.73      0.67        41
         ell       0.94      1.00      0.97        34
         lat       0.78      0.65      0.70        48
         ara       0.93      0.98      0.96        55
         swe       0.93      0.68      0.79        38
        toki       0.96      1.00      0.98        49
         ces       0.74      0.92      0.82        37
         lit       0.90      0.96      0.93        47
         dan       0.71      0.90      0.79        49
         mar       0.97      0.97      0.97        64
         cmn       0.91      1.00      0.95        80
         mkd       0.90      0.90      0.90        98
         pol       0.94      0.97      0.96       122
         nld       0.86      0.94      0.90       132
         fin       0.92      0.98      0.95       163
         kab       0.75      0.31      0.44       152
         ukr       0.96      0.95      0.96       210
         jpn       1.00      1.00      1.00       262
         heb       0.99      1.00      1.00       223
         ber       0.69      0.92      0.79       289
         hun       0.95      0.98      0.97       329
         spa       0.92      0.94      0.93       399
         por       0.92      0.97      0.94       442
         fra       0.94      0.99      0.96       495
         deu       0.98      0.99      0.98       570
         epo       0.99      0.98      0.99       718
         tur       0.99      1.00      0.99       895
         rus       0.96      0.99      0.98       903
         ita       0.96      0.98      0.97       933
         eng       0.98      0.99      0.99      1550

   micro avg       0.94      0.94      0.94     10000
   macro avg       0.28      0.25      0.26     10000
weighted avg       0.93      0.94      0.93     10000
