              precision    recall  f1-score   support

         afb     0.0000    0.0000    0.0000         1
         afr     1.0000    1.0000    1.0000         7
         ara     0.9630    0.9455    0.9541        55
         arg     0.0000    0.0000    0.0000         1
         arq     0.2500    1.0000    0.4000         1
         arz     0.0000    0.0000    0.0000         1
         asm     0.0000    0.0000    0.0000         1
         ast     0.0000    0.0000    0.0000         1
         avk     0.7778    0.8750    0.8235         8
         aze     1.0000    0.3333    0.5000         3
         bel     1.0000    1.0000    1.0000        18
         ben     0.7500    1.0000    0.8571         3
         ber     0.8964    0.8685    0.8822       289
         bos     0.0000    0.0000    0.0000         1
         bre     1.0000    1.0000    1.0000        10
         bul     0.9545    0.9130    0.9333        23
         cat     0.7778    0.7778    0.7778         9
         cbk     0.6667    0.5000    0.5714         4
         ceb     1.0000    0.2500    0.4000         4
         ces     0.9211    0.9459    0.9333        37
         chv     1.0000    1.0000    1.0000         2
         ckt     1.0000    1.0000    1.0000         1
         cmn     0.9877    1.0000    0.9938        80
         cor     1.0000    1.0000    1.0000         2
         crh     0.0000    0.0000    0.0000         0
         csb     1.0000    1.0000    1.0000         2
         cym     1.0000    1.0000    1.0000         2
         dan     0.9388    0.9388    0.9388        49
         deu     0.9982    0.9982    0.9982       570
         dsb     1.0000    1.0000    1.0000         1
         dtp     0.3333    0.5000    0.4000         2
         ell     1.0000    1.0000    1.0000        34
         eng     0.9981    0.9987    0.9984      1550
         epo     0.9931    0.9986    0.9958       718
         est     0.7500    0.5000    0.6000         6
         eus     1.0000    1.0000    1.0000         8
         fao     0.0000    0.0000    0.0000         1
         fin     0.9759    0.9939    0.9848       163
         fkv     0.0000    0.0000    0.0000         1
         fra     0.9960    0.9939    0.9949       495
         fry     0.0000    0.0000    0.0000         1
         gcf     1.0000    1.0000    1.0000         4
         gla     1.0000    0.6667    0.8000         3
         gle     0.8000    0.8000    0.8000         5
         glg     0.7500    0.7500    0.7500         4
         gos     0.6667    0.5000    0.5714         4
         got     1.0000    1.0000    1.0000         1
         grc     1.0000    1.0000    1.0000         2
         grn     1.0000    1.0000    1.0000         1
         heb     1.0000    1.0000    1.0000       223
         hin     1.0000    1.0000    1.0000        24
         hrv     0.0000    0.0000    0.0000         5
         hsb     0.0000    0.0000    0.0000         0
         hun     1.0000    0.9970    0.9985       329
         hye     1.0000    1.0000    1.0000         2
         ido     0.8333    0.5556    0.6667         9
         ile     0.8750    0.7778    0.8235         9
         ilo     0.5000    0.5000    0.5000         2
         ina     0.9655    0.9655    0.9655        29
         ind     0.7222    1.0000    0.8387        13
         isl     0.8750    0.8750    0.8750        16
         ita     0.9936    0.9925    0.9930       933
         jbo     1.0000    0.9500    0.9744        20
         jpn     1.0000    1.0000    1.0000       262
         kab     0.7654    0.8158    0.7898       152
         kat     1.0000    1.0000    1.0000         4
         kaz     1.0000    1.0000    1.0000         2
         khm     1.0000    1.0000    1.0000         1
         kor     1.0000    1.0000    1.0000        10
         krl     0.0000    0.0000    0.0000         1
         kum     0.0000    0.0000    0.0000         0
         kzj     0.6667    1.0000    0.8000         2
         lat     0.9787    0.9583    0.9684        48
         lfn     0.8333    0.6250    0.7143         8
         lit     0.9783    0.9574    0.9677        47
         ltz     1.0000    1.0000    1.0000         1
         lvs     1.0000    1.0000    1.0000         4
         lzh     1.0000    0.5000    0.6667         2
         mar     1.0000    0.9844    0.9921        64
         mgm     0.0000    0.0000    0.0000         1
         mhr     1.0000    1.0000    1.0000         8
         mkd     0.9490    0.9490    0.9490        98
         mon     1.0000    1.0000    1.0000         1
         mri     1.0000    1.0000    1.0000         1
         mww     0.0000    0.0000    0.0000         1
         mya     1.0000    1.0000    1.0000         1
         nah     0.0000    0.0000    0.0000         1
         nds     0.9565    0.9167    0.9362        24
         nld     0.9776    0.9924    0.9850       132
         nob     1.0000    0.8462    0.9167        13
         nov     0.0000    0.0000    0.0000         0
         nst     1.0000    1.0000    1.0000         1
         oci     1.0000    0.8571    0.9231         7
         ori     1.0000    1.0000    1.0000         1
         orv     1.0000    1.0000    1.0000         1
         oss     1.0000    1.0000    1.0000         1
         ota     1.0000    1.0000    1.0000         2
         pam     1.0000    1.0000    1.0000         5
         pes     1.0000    1.0000    1.0000        31
         pms     1.0000    1.0000    1.0000         1
         pol     0.9919    1.0000    0.9959       122
         por     0.9932    0.9932    0.9932       442
         prg     0.6667    1.0000    0.8000         2
         rom     0.3333    1.0000    0.5000         1
         ron     1.0000    1.0000    1.0000        26
         run     0.6667    1.0000    0.8000         4
         rus     0.9912    0.9967    0.9939       903
         sah     0.5000    1.0000    0.6667         1
         san     0.0000    0.0000    0.0000         0
         shy     0.0000    0.0000    0.0000         1
         slk     1.0000    0.6667    0.8000         6
         slv     0.0000    0.0000    0.0000         1
         spa     0.9753    0.9900    0.9826       399
         sqi     1.0000    0.6667    0.8000         3
         srp     0.7778    0.8537    0.8140        41
         swe     0.8810    0.9737    0.9250        38
         swh     1.0000    0.3333    0.5000         3
         tat     1.0000    0.9500    0.9744        20
         tgl     0.9444    0.9444    0.9444        18
         tha     1.0000    1.0000    1.0000         2
         thv     0.0000    0.0000    0.0000         1
         tlh     0.9286    0.9286    0.9286        14
        toki     1.0000    1.0000    1.0000        49
         tpw     1.0000    1.0000    1.0000         1
         tuk     1.0000    0.8000    0.8889         5
         tur     0.9944    0.9989    0.9967       895
         uig     1.0000    1.0000    1.0000         8
         ukr     0.9810    0.9810    0.9810       210
         urd     1.0000    1.0000    1.0000         3
         uzb     1.0000    0.5000    0.6667         2
         vie     1.0000    1.0000    1.0000        12
         vol     1.0000    1.0000    1.0000         3
         war     1.0000    1.0000    1.0000         3
         wuu     1.0000    1.0000    1.0000         4
         xal     1.0000    1.0000    1.0000         1
         yid     1.0000    1.0000    1.0000         3
         yue     1.0000    1.0000    1.0000         4
         zlm     0.0000    0.0000    0.0000         1
         zsm     1.0000    0.2500    0.4000         4
         zza     1.0000    1.0000    1.0000         2

    accuracy                         0.9801     10000
   macro avg     0.7760    0.7564    0.7533     10000
weighted avg     0.9796    0.9801    0.9792     10000
