              precision    recall  f1-score   support

         afb     0.0000    0.0000    0.0000         1
         afr     0.8750    1.0000    0.9333         7
         ara     0.9636    0.9636    0.9636        55
         arg     0.0000    0.0000    0.0000         1
         arq     0.3333    1.0000    0.5000         1
         arz     0.0000    0.0000    0.0000         1
         asm     0.0000    0.0000    0.0000         1
         ast     0.0000    0.0000    0.0000         1
         avk     0.8889    1.0000    0.9412         8
         aze     1.0000    0.6667    0.8000         3
         bak     0.0000    0.0000    0.0000         0
         bel     1.0000    1.0000    1.0000        18
         ben     0.7500    1.0000    0.8571         3
         ber     0.9328    0.8651    0.8977       289
         bos     0.0000    0.0000    0.0000         1
         bre     0.8333    1.0000    0.9091        10
         bul     1.0000    0.9565    0.9778        23
         bvy     0.0000    0.0000    0.0000         0
         cat     1.0000    0.7778    0.8750         9
         cbk     1.0000    0.5000    0.6667         4
         ceb     1.0000    0.5000    0.6667         4
         ces     0.9412    0.8649    0.9014        37
         chv     1.0000    1.0000    1.0000         2
         ckt     1.0000    1.0000    1.0000         1
         cmn     1.0000    1.0000    1.0000        80
         cor     1.0000    1.0000    1.0000         2
         csb     1.0000    1.0000    1.0000         2
         cym     1.0000    1.0000    1.0000         2
         dan     0.9400    0.9592    0.9495        49
         deu     0.9965    0.9982    0.9974       570
         dsb     1.0000    1.0000    1.0000         1
         dtp     1.0000    1.0000    1.0000         2
         ell     1.0000    1.0000    1.0000        34
         eng     0.9994    0.9994    0.9994      1550
         epo     0.9986    0.9958    0.9972       718
         est     0.7143    0.8333    0.7692         6
         eus     1.0000    1.0000    1.0000         8
         fao     1.0000    1.0000    1.0000         1
         fin     0.9879    1.0000    0.9939       163
         fkv     0.0000    0.0000    0.0000         1
         fra     0.9960    0.9960    0.9960       495
         fry     0.0000    0.0000    0.0000         1
         gcf     1.0000    1.0000    1.0000         4
         gla     1.0000    0.6667    0.8000         3
         gle     1.0000    1.0000    1.0000         5
         glg     0.6667    0.5000    0.5714         4
         gos     1.0000    1.0000    1.0000         4
         got     1.0000    1.0000    1.0000         1
         grc     1.0000    1.0000    1.0000         2
         grn     1.0000    1.0000    1.0000         1
         heb     1.0000    1.0000    1.0000       223
         hin     0.9231    1.0000    0.9600        24
         hoc     0.0000    0.0000    0.0000         0
         hrv     0.5000    0.4000    0.4444         5
         hun     1.0000    1.0000    1.0000       329
         hye     1.0000    1.0000    1.0000         2
         ido     1.0000    0.8889    0.9412         9
         ile     1.0000    0.7778    0.8750         9
         ilo     1.0000    0.5000    0.6667         2
         ina     0.9310    0.9310    0.9310        29
         ind     0.7647    1.0000    0.8667        13
         isl     1.0000    0.9375    0.9677        16
         ita     0.9947    0.9968    0.9957       933
         jbo     1.0000    1.0000    1.0000        20
         jpn     1.0000    1.0000    1.0000       262
         kab     0.7803    0.8882    0.8308       152
         kat     1.0000    1.0000    1.0000         4
         kaz     1.0000    1.0000    1.0000         2
         khm     1.0000    1.0000    1.0000         1
         kor     1.0000    1.0000    1.0000        10
         krl     0.0000    0.0000    0.0000         1
         kzj     1.0000    1.0000    1.0000         2
         lat     1.0000    0.9375    0.9677        48
         lfn     1.0000    0.5000    0.6667         8
         lit     0.9783    0.9574    0.9677        47
         ltz     0.5000    1.0000    0.6667         1
         lvs     1.0000    1.0000    1.0000         4
         lzh     1.0000    1.0000    1.0000         2
         mar     1.0000    0.9688    0.9841        64
         mgm     0.0000    0.0000    0.0000         1
         mhr     1.0000    1.0000    1.0000         8
         mkd     0.9510    0.9898    0.9700        98
         mon     1.0000    1.0000    1.0000         1
         mri     1.0000    1.0000    1.0000         1
         mww     1.0000    1.0000    1.0000         1
         mya     1.0000    1.0000    1.0000         1
         nah     0.0000    0.0000    0.0000         1
         nds     1.0000    0.9583    0.9787        24
         nld     0.9847    0.9773    0.9810       132
         nno     0.0000    0.0000    0.0000         0
         nob     1.0000    0.8462    0.9167        13
         nov     0.0000    0.0000    0.0000         0
         nst     1.0000    1.0000    1.0000         1
         oci     1.0000    1.0000    1.0000         7
         ori     1.0000    1.0000    1.0000         1
         orv     1.0000    1.0000    1.0000         1
         oss     1.0000    1.0000    1.0000         1
         ota     0.5000    0.5000    0.5000         2
         pam     1.0000    0.8000    0.8889         5
         pes     0.9677    0.9677    0.9677        31
         pms     1.0000    1.0000    1.0000         1
         pol     1.0000    1.0000    1.0000       122
         por     0.9932    0.9910    0.9921       442
         prg     0.6667    1.0000    0.8000         2
         rom     0.0000    0.0000    0.0000         1
         ron     0.9630    1.0000    0.9811        26
         run     1.0000    1.0000    1.0000         4
         rus     0.9978    0.9945    0.9961       903
         sah     1.0000    1.0000    1.0000         1
         shs     0.0000    0.0000    0.0000         0
         shy     0.0000    0.0000    0.0000         1
         slk     0.6250    0.8333    0.7143         6
         slv     0.0000    0.0000    0.0000         1
         spa     0.9684    0.9975    0.9827       399
         sqi     1.0000    0.6667    0.8000         3
         srp     0.8222    0.9024    0.8605        41
         swe     0.9737    0.9737    0.9737        38
         swh     1.0000    1.0000    1.0000         3
         tat     1.0000    0.9500    0.9744        20
         tgl     0.9474    1.0000    0.9730        18
         tha     1.0000    1.0000    1.0000         2
         thv     1.0000    1.0000    1.0000         1
         tlh     0.9286    0.9286    0.9286        14
        toki     1.0000    1.0000    1.0000        49
         tpw     1.0000    1.0000    1.0000         1
         tuk     1.0000    0.8000    0.8889         5
         tur     0.9978    0.9989    0.9983       895
         uig     1.0000    1.0000    1.0000         8
         ukr     0.9811    0.9905    0.9858       210
         urd     1.0000    1.0000    1.0000         3
         uzb     0.6667    1.0000    0.8000         2
         vie     1.0000    1.0000    1.0000        12
         vol     1.0000    1.0000    1.0000         3
         war     0.7500    1.0000    0.8571         3
         wuu     1.0000    1.0000    1.0000         4
         xal     1.0000    1.0000    1.0000         1
         yid     1.0000    1.0000    1.0000         3
         yue     1.0000    1.0000    1.0000         4
         zlm     0.0000    0.0000    0.0000         1
         zsm     1.0000    0.5000    0.6667         4
         zza     1.0000    1.0000    1.0000         2

    accuracy                         0.9842     10000
   macro avg     0.8076    0.7964    0.7948     10000
weighted avg     0.9845    0.9842    0.9839     10000
