              precision    recall  f1-score   support

         afr     1.0000    0.6000    0.7500         5
         ara     0.9800    0.9800    0.9800        50
         arq     0.5000    0.5000    0.5000         2
         avk     1.0000    1.0000    1.0000         3
         aze     1.0000    1.0000    1.0000        10
         bak     0.0000    0.0000    0.0000         0
         bar     0.0000    0.0000    0.0000         1
         bel     0.9444    0.8947    0.9189        19
         ben     1.0000    0.8333    0.9091         6
         ber     0.9179    0.8849    0.9011       278
         bos     0.0000    0.0000    0.0000         2
         bre     0.8824    0.9375    0.9091        16
         bua     1.0000    1.0000    1.0000         1
         bul     0.9310    0.9000    0.9153        30
         cat     1.0000    0.8333    0.9091        12
         cbk     0.7500    1.0000    0.8571         3
         ceb     1.0000    1.0000    1.0000         1
         ces     1.0000    0.9024    0.9487        41
         chv     1.0000    1.0000    1.0000         2
         cmn     0.9836    1.0000    0.9917        60
         cor     1.0000    1.0000    1.0000         2
         csb     0.0000    0.0000    0.0000         1
         cym     1.0000    1.0000    1.0000         1
         dan     0.9242    0.9683    0.9457        63
         deu     1.0000    0.9983    0.9992       601
         dtp     1.0000    1.0000    1.0000         4
         ell     1.0000    1.0000    1.0000        44
         eng     0.9987    0.9987    0.9987      1577
         epo     0.9987    0.9987    0.9987       750
         est     1.0000    1.0000    1.0000         1
         eus     1.0000    1.0000    1.0000         4
         fin     0.9928    0.9928    0.9928       139
         fra     0.9981    0.9981    0.9981       534
         fry     1.0000    1.0000    1.0000         1
         gcf     0.8333    1.0000    0.9091         5
         gla     0.5000    1.0000    0.6667         1
         gle     1.0000    0.7500    0.8571         4
         glg     1.0000    1.0000    1.0000         3
         gos     1.0000    0.3333    0.5000         3
         grc     1.0000    1.0000    1.0000         3
         grn     1.0000    0.5000    0.6667         2
         guj     1.0000    1.0000    1.0000         1
         hat     0.0000    0.0000    0.0000         1
         heb     1.0000    1.0000    1.0000       216
         hin     1.0000    0.9565    0.9778        23
         hrv     0.6667    0.4000    0.5000         5
         hrx     0.0000    0.0000    0.0000         0
         hsb     1.0000    1.0000    1.0000         2
         hun     1.0000    0.9971    0.9986       347
         hye     1.0000    1.0000    1.0000         6
         ido     1.0000    1.0000    1.0000         5
         ile     0.7500    0.7500    0.7500         4
         ilo     0.5000    1.0000    0.6667         1
         ina     0.9355    0.9062    0.9206        32
         ind     0.8000    1.0000    0.8889        12
         isl     1.0000    1.0000    1.0000        12
         ita     0.9944    0.9978    0.9961       897
         jav     1.0000    1.0000    1.0000         1
         jbo     1.0000    1.0000    1.0000        19
         jpn     1.0000    1.0000    1.0000       246
         kab     0.8024    0.8701    0.8349       154
         kat     1.0000    1.0000    1.0000         4
         kaz     1.0000    0.6667    0.8000         3
         khm     1.0000    1.0000    1.0000         2
         kor     1.0000    1.0000    1.0000         7
         kum     0.0000    0.0000    0.0000         1
         kzj     1.0000    1.0000    1.0000         4
         lad     0.0000    0.0000    0.0000         2
         lat     1.0000    0.9048    0.9500        42
         lfn     0.8000    0.8889    0.8421         9
         lit     0.9808    1.0000    0.9903        51
         ltz     0.0000    0.0000    0.0000         1
         lvs     1.0000    1.0000    1.0000         1
         lzh     1.0000    1.0000    1.0000         2
         mal     1.0000    1.0000    1.0000         1
         mar     0.9865    1.0000    0.9932        73
         max     1.0000    1.0000    1.0000         1
         mhr     1.0000    1.0000    1.0000         4
         min     0.0000    0.0000    0.0000         0
         mkd     0.9438    1.0000    0.9711        84
         mya     1.0000    1.0000    1.0000         1
         nah     1.0000    1.0000    1.0000         1
         nds     0.9615    0.9615    0.9615        26
         nld     0.9516    0.9833    0.9672       120
         nno     0.0000    0.0000    0.0000         3
         nob     0.8667    0.7647    0.8125        17
         nst     1.0000    1.0000    1.0000         1
         oci     1.0000    1.0000    1.0000         6
         oss     1.0000    1.0000    1.0000         1
         ota     0.7500    1.0000    0.8571         3
         pam     0.7500    1.0000    0.8571         3
         pcd     0.0000    0.0000    0.0000         1
         pes     0.9630    1.0000    0.9811        26
         pol     0.9836    0.9917    0.9877       121
         por     0.9978    0.9957    0.9967       461
         prg     1.0000    1.0000    1.0000         2
         que     1.0000    1.0000    1.0000         1
         qya     1.0000    1.0000    1.0000         1
         rom     1.0000    1.0000    1.0000         1
         ron     1.0000    1.0000    1.0000        26
         rue     1.0000    1.0000    1.0000         1
         run     1.0000    1.0000    1.0000         2
         rus     0.9967    0.9933    0.9950       899
         slk     0.5000    1.0000    0.6667         4
         slv     1.0000    0.6667    0.8000         3
         spa     0.9844    0.9921    0.9882       381
         sqi     1.0000    1.0000    1.0000         1
         srp     0.8095    0.9714    0.8831        35
         swe     0.9737    0.9737    0.9737        38
         swg     0.0000    0.0000    0.0000         0
         tam     1.0000    1.0000    1.0000         1
         tat     1.0000    0.9048    0.9500        21
         tel     1.0000    1.0000    1.0000         1
         tgl     1.0000    0.8571    0.9231        14
         tlh     1.0000    1.0000    1.0000        20
        toki     1.0000    1.0000    1.0000        41
         tpw     0.0000    0.0000    0.0000         0
         tuk     0.8333    0.9091    0.8696        11
         tur     0.9989    0.9978    0.9983       893
         uig     1.0000    0.8889    0.9412         9
         ukr     0.9845    0.9845    0.9845       193
         urd     1.0000    1.0000    1.0000         3
         vie     1.0000    0.9412    0.9697        17
         vol     1.0000    1.0000    1.0000         2
         war     1.0000    1.0000    1.0000         3
         wuu     1.0000    1.0000    1.0000         6
         xal     1.0000    1.0000    1.0000         1
         yid     1.0000    1.0000    1.0000         1
         yue     1.0000    0.9000    0.9474        10
         zsm     1.0000    0.4000    0.5714         5

    accuracy                         0.9851      9999
   macro avg     0.8508    0.8402    0.8384      9999
weighted avg     0.9854    0.9851    0.9848      9999
