              precision    recall  f1-score   support

         afb     0.0000    0.0000    0.0000         1
         afr     0.8750    1.0000    0.9333         7
         ara     0.9636    0.9636    0.9636        55
         arg     0.0000    0.0000    0.0000         1
         arq     0.3333    1.0000    0.5000         1
         arz     0.0000    0.0000    0.0000         1
         asm     0.0000    0.0000    0.0000         1
         ast     0.0000    0.0000    0.0000         1
         avk     0.8750    0.8750    0.8750         8
         aze     1.0000    0.6667    0.8000         3
         bel     0.9474    1.0000    0.9730        18
         ben     0.7500    1.0000    0.8571         3
         ber     0.8919    0.9135    0.9026       289
         bos     0.0000    0.0000    0.0000         1
         bre     0.8333    1.0000    0.9091        10
         bul     1.0000    0.9565    0.9778        23
         bvy     0.0000    0.0000    0.0000         0
         cat     1.0000    0.8889    0.9412         9
         cbk     1.0000    0.5000    0.6667         4
         ceb     1.0000    0.5000    0.6667         4
         ces     0.9697    0.8649    0.9143        37
         cha     0.0000    0.0000    0.0000         0
         chv     1.0000    1.0000    1.0000         2
         ckt     1.0000    1.0000    1.0000         1
         cmn     0.9875    0.9875    0.9875        80
         cor     1.0000    1.0000    1.0000         2
         csb     1.0000    1.0000    1.0000         2
         cym     1.0000    1.0000    1.0000         2
         dan     0.9600    0.9796    0.9697        49
         deu     0.9982    0.9982    0.9982       570
         dsb     1.0000    1.0000    1.0000         1
         dtp     1.0000    1.0000    1.0000         2
         ell     1.0000    1.0000    1.0000        34
         eng     0.9994    0.9994    0.9994      1550
         epo     0.9944    0.9972    0.9958       718
         est     0.7143    0.8333    0.7692         6
         eus     1.0000    1.0000    1.0000         8
         fao     1.0000    1.0000    1.0000         1
         fin     0.9878    0.9939    0.9908       163
         fkv     1.0000    1.0000    1.0000         1
         fra     0.9980    0.9919    0.9949       495
         fry     0.0000    0.0000    0.0000         1
         gcf     1.0000    1.0000    1.0000         4
         gla     1.0000    0.6667    0.8000         3
         gle     0.8333    1.0000    0.9091         5
         glg     0.7500    0.7500    0.7500         4
         gos     1.0000    0.5000    0.6667         4
         got     1.0000    1.0000    1.0000         1
         grc     1.0000    1.0000    1.0000         2
         grn     1.0000    1.0000    1.0000         1
         heb     1.0000    1.0000    1.0000       223
         hin     0.9600    1.0000    0.9796        24
         hoc     0.0000    0.0000    0.0000         0
         hrv     0.4000    0.4000    0.4000         5
         hun     1.0000    1.0000    1.0000       329
         hye     1.0000    1.0000    1.0000         2
         ido     0.8571    0.6667    0.7500         9
         ile     1.0000    0.7778    0.8750         9
         ilo     1.0000    0.5000    0.6667         2
         ina     0.9333    0.9655    0.9492        29
         ind     0.7500    0.9231    0.8276        13
         isl     1.0000    0.9375    0.9677        16
         ita     0.9925    0.9979    0.9952       933
         jbo     1.0000    1.0000    1.0000        20
         jpn     1.0000    1.0000    1.0000       262
         kab     0.8345    0.7961    0.8148       152
         kat     1.0000    1.0000    1.0000         4
         kaz     1.0000    1.0000    1.0000         2
         khm     1.0000    1.0000    1.0000         1
         kor     1.0000    1.0000    1.0000        10
         krl     0.0000    0.0000    0.0000         1
         kzj     1.0000    1.0000    1.0000         2
         lat     1.0000    0.9167    0.9565        48
         lfn     0.8750    0.8750    0.8750         8
         lit     0.9783    0.9574    0.9677        47
         ltz     1.0000    1.0000    1.0000         1
         lvs     1.0000    1.0000    1.0000         4
         lzh     1.0000    0.5000    0.6667         2
         mar     1.0000    0.9688    0.9841        64
         mgm     0.0000    0.0000    0.0000         1
         mhr     1.0000    1.0000    1.0000         8
         mkd     0.9604    0.9898    0.9749        98
         mon     1.0000    1.0000    1.0000         1
         mri     1.0000    1.0000    1.0000         1
         mww     1.0000    1.0000    1.0000         1
         mya     1.0000    1.0000    1.0000         1
         nah     0.0000    0.0000    0.0000         1
         nds     0.8800    0.9167    0.8980        24
         nld     0.9771    0.9697    0.9734       132
         nob     1.0000    0.9231    0.9600        13
         nov     0.0000    0.0000    0.0000         0
         nst     1.0000    1.0000    1.0000         1
         oci     1.0000    1.0000    1.0000         7
         ori     1.0000    1.0000    1.0000         1
         orv     0.5000    1.0000    0.6667         1
         oss     1.0000    1.0000    1.0000         1
         ota     1.0000    1.0000    1.0000         2
         pam     1.0000    0.8000    0.8889         5
         pcd     0.0000    0.0000    0.0000         0
         pes     1.0000    1.0000    1.0000        31
         pms     1.0000    1.0000    1.0000         1
         pol     1.0000    1.0000    1.0000       122
         por     0.9977    0.9910    0.9943       442
         prg     0.6667    1.0000    0.8000         2
         rom     0.0000    0.0000    0.0000         1
         ron     1.0000    1.0000    1.0000        26
         run     0.8000    1.0000    0.8889         4
         rus     0.9967    0.9978    0.9972       903
         sah     1.0000    1.0000    1.0000         1
         san     0.0000    0.0000    0.0000         0
         shs     0.0000    0.0000    0.0000         0
         shy     0.0000    0.0000    0.0000         1
         slk     0.5556    0.8333    0.6667         6
         slv     0.0000    0.0000    0.0000         1
         spa     0.9803    0.9975    0.9888       399
         sqi     1.0000    0.6667    0.8000         3
         srp     0.8780    0.8780    0.8780        41
         swe     0.9487    0.9737    0.9610        38
         swh     1.0000    0.6667    0.8000         3
         tat     1.0000    1.0000    1.0000        20
         tgl     0.9474    1.0000    0.9730        18
         tha     1.0000    1.0000    1.0000         2
         thv     1.0000    1.0000    1.0000         1
         tlh     0.9333    1.0000    0.9655        14
        toki     1.0000    1.0000    1.0000        49
         tpw     1.0000    1.0000    1.0000         1
         tuk     0.8000    0.8000    0.8000         5
         tur     0.9978    0.9989    0.9983       895
         uig     1.0000    1.0000    1.0000         8
         ukr     0.9952    0.9857    0.9904       210
         urd     1.0000    1.0000    1.0000         3
         uzb     1.0000    0.5000    0.6667         2
         vie     1.0000    1.0000    1.0000        12
         vol     1.0000    1.0000    1.0000         3
         war     0.7500    1.0000    0.8571         3
         wuu     0.8000    1.0000    0.8889         4
         xal     1.0000    1.0000    1.0000         1
         yid     1.0000    1.0000    1.0000         3
         yue     1.0000    1.0000    1.0000         4
         zlm     0.0000    0.0000    0.0000         1
         zsm     0.5000    0.2500    0.3333         4
         zza     1.0000    1.0000    1.0000         2

    accuracy                         0.9841     10000
   macro avg     0.8036    0.7898    0.7887     10000
weighted avg     0.9843    0.9841    0.9838     10000
