              precision    recall  f1-score   support

         afb     0.0000    0.0000    0.0000         1
         afr     1.0000    0.8571    0.9231         7
         ara     0.9643    0.9818    0.9730        55
         arg     0.0000    0.0000    0.0000         1
         arq     0.5000    1.0000    0.6667         1
         arz     0.0000    0.0000    0.0000         1
         asm     0.0000    0.0000    0.0000         1
         ast     0.0000    0.0000    0.0000         1
         avk     0.8750    0.8750    0.8750         8
         aze     1.0000    0.6667    0.8000         3
         bel     1.0000    1.0000    1.0000        18
         ben     0.7500    1.0000    0.8571         3
         ber     0.8459    0.8927    0.8687       289
         bos     0.0000    0.0000    0.0000         1
         bre     0.9091    1.0000    0.9524        10
         bul     0.9200    1.0000    0.9583        23
         cat     1.0000    0.6667    0.8000         9
         cbk     0.6667    0.5000    0.5714         4
         ceb     1.0000    0.2500    0.4000         4
         ces     0.8974    0.9459    0.9211        37
         chv     1.0000    1.0000    1.0000         2
         ckt     1.0000    1.0000    1.0000         1
         cmn     0.9877    1.0000    0.9938        80
         cor     1.0000    1.0000    1.0000         2
         csb     1.0000    1.0000    1.0000         2
         cym     1.0000    1.0000    1.0000         2
         dan     0.9216    0.9592    0.9400        49
         deu     0.9965    0.9982    0.9974       570
         dsb     0.0000    0.0000    0.0000         1
         dtp     0.2500    0.5000    0.3333         2
         ell     1.0000    1.0000    1.0000        34
         eng     0.9981    0.9987    0.9984      1550
         epo     0.9890    0.9972    0.9931       718
         est     0.6667    0.6667    0.6667         6
         eus     1.0000    0.7500    0.8571         8
         fao     0.0000    0.0000    0.0000         1
         fin     0.9701    0.9939    0.9818       163
         fkv     0.0000    0.0000    0.0000         1
         fra     0.9939    0.9919    0.9929       495
         fry     0.0000    0.0000    0.0000         1
         gcf     0.8000    1.0000    0.8889         4
         gla     1.0000    0.6667    0.8000         3
         gle     0.6667    0.8000    0.7273         5
         glg     0.0000    0.0000    0.0000         4
         gos     0.6000    0.7500    0.6667         4
         got     1.0000    1.0000    1.0000         1
         grc     1.0000    1.0000    1.0000         2
         grn     1.0000    1.0000    1.0000         1
         haw     0.0000    0.0000    0.0000         0
         heb     1.0000    1.0000    1.0000       223
         hin     1.0000    1.0000    1.0000        24
         hoc     0.0000    0.0000    0.0000         0
         hrv     0.0000    0.0000    0.0000         5
         hrx     0.0000    0.0000    0.0000         0
         hsb     0.0000    0.0000    0.0000         0
         hun     1.0000    0.9970    0.9985       329
         hye     1.0000    1.0000    1.0000         2
         ido     0.7500    0.3333    0.4615         9
         ile     1.0000    0.8889    0.9412         9
         ilo     0.5000    0.5000    0.5000         2
         ina     0.9655    0.9655    0.9655        29
         ind     0.6500    1.0000    0.7879        13
         isl     0.8750    0.8750    0.8750        16
         ita     0.9946    0.9925    0.9936       933
         jbo     0.9500    0.9500    0.9500        20
         jpn     1.0000    1.0000    1.0000       262
         kab     0.7770    0.7105    0.7423       152
         kat     1.0000    1.0000    1.0000         4
         kaz     0.6667    1.0000    0.8000         2
         khm     1.0000    1.0000    1.0000         1
         kor     1.0000    1.0000    1.0000        10
         krl     0.0000    0.0000    0.0000         1
         kzj     0.6667    1.0000    0.8000         2
         lat     0.9783    0.9375    0.9574        48
         lfn     0.8000    0.5000    0.6154         8
         lit     1.0000    0.9574    0.9783        47
         ltz     0.0000    0.0000    0.0000         1
         lvs     1.0000    0.7500    0.8571         4
         lzh     1.0000    0.5000    0.6667         2
         mar     1.0000    1.0000    1.0000        64
         mgm     0.0000    0.0000    0.0000         1
         mhr     1.0000    1.0000    1.0000         8
         mkd     0.9588    0.9490    0.9538        98
         mon     0.0000    0.0000    0.0000         1
         mri     1.0000    1.0000    1.0000         1
         mww     0.0000    0.0000    0.0000         1
         mya     1.0000    1.0000    1.0000         1
         nah     0.0000    0.0000    0.0000         1
         nds     0.8800    0.9167    0.8980        24
         nld     0.9774    0.9848    0.9811       132
         nob     1.0000    0.6923    0.8182        13
         nst     1.0000    1.0000    1.0000         1
         oci     0.7143    0.7143    0.7143         7
         ori     1.0000    1.0000    1.0000         1
         orv     1.0000    1.0000    1.0000         1
         oss     1.0000    1.0000    1.0000         1
         ota     1.0000    0.5000    0.6667         2
         pam     1.0000    0.8000    0.8889         5
         pes     0.9688    1.0000    0.9841        31
         pms     0.0000    0.0000    0.0000         1
         pol     0.9839    1.0000    0.9919       122
         por     0.9955    0.9910    0.9932       442
         prg     0.6667    1.0000    0.8000         2
         rom     1.0000    1.0000    1.0000         1
         ron     1.0000    1.0000    1.0000        26
         run     0.8000    1.0000    0.8889         4
         rus     0.9967    0.9934    0.9950       903
         sah     0.5000    1.0000    0.6667         1
         shy     0.0000    0.0000    0.0000         1
         slk     0.7500    0.5000    0.6000         6
         slv     0.0000    0.0000    0.0000         1
         spa     0.9589    0.9950    0.9766       399
         sqi     1.0000    0.6667    0.8000         3
         srp     0.8605    0.9024    0.8810        41
         swe     0.9500    1.0000    0.9744        38
         swg     0.0000    0.0000    0.0000         0
         swh     1.0000    0.3333    0.5000         3
         tat     1.0000    0.9500    0.9744        20
         tgl     0.8889    0.8889    0.8889        18
         tha     1.0000    1.0000    1.0000         2
         thv     0.0000    0.0000    0.0000         1
         tlh     0.9333    1.0000    0.9655        14
        toki     1.0000    1.0000    1.0000        49
         tpw     1.0000    1.0000    1.0000         1
         tuk     1.0000    0.8000    0.8889         5
         tur     0.9967    0.9989    0.9978       895
         uig     1.0000    1.0000    1.0000         8
         ukr     0.9587    0.9952    0.9766       210
         urd     1.0000    1.0000    1.0000         3
         uzb     1.0000    0.5000    0.6667         2
         vie     1.0000    1.0000    1.0000        12
         vol     1.0000    1.0000    1.0000         3
         war     0.7500    1.0000    0.8571         3
         wuu     1.0000    1.0000    1.0000         4
         xal     1.0000    1.0000    1.0000         1
         yid     1.0000    1.0000    1.0000         3
         yue     1.0000    1.0000    1.0000         4
         zlm     0.0000    0.0000    0.0000         1
         zsm     0.0000    0.0000    0.0000         4
         zza     1.0000    0.5000    0.6667         2

    accuracy                         0.9779     10000
   macro avg     0.7302    0.7081    0.7082     10000
weighted avg     0.9759    0.9779    0.9762     10000
