              precision    recall  f1-score   support

         afb     0.0000    0.0000    0.0000         1
         afr     1.0000    0.8571    0.9231         7
         ara     0.9636    0.9636    0.9636        55
         arg     0.0000    0.0000    0.0000         1
         arq     0.3333    1.0000    0.5000         1
         arz     0.0000    0.0000    0.0000         1
         asm     0.0000    0.0000    0.0000         1
         ast     0.0000    0.0000    0.0000         1
         avk     0.7778    0.8750    0.8235         8
         aze     1.0000    0.3333    0.5000         3
         bel     1.0000    1.0000    1.0000        18
         ben     0.7500    1.0000    0.8571         3
         ber     0.9094    0.8339    0.8700       289
         bos     0.0000    0.0000    0.0000         1
         bre     1.0000    1.0000    1.0000        10
         bul     0.8800    0.9565    0.9167        23
         cat     1.0000    0.6667    0.8000         9
         cbk     1.0000    0.5000    0.6667         4
         ceb     0.4000    0.5000    0.4444         4
         ces     0.8750    0.9459    0.9091        37
         chv     1.0000    1.0000    1.0000         2
         ckt     1.0000    1.0000    1.0000         1
         cmn     1.0000    0.9875    0.9937        80
         cor     1.0000    1.0000    1.0000         2
         csb     1.0000    1.0000    1.0000         2
         cym     1.0000    1.0000    1.0000         2
         dan     0.9574    0.9184    0.9375        49
         deu     0.9965    0.9982    0.9974       570
         dsb     1.0000    1.0000    1.0000         1
         dtp     0.5000    1.0000    0.6667         2
         ell     1.0000    1.0000    1.0000        34
         eng     0.9981    0.9994    0.9987      1550
         epo     0.9903    0.9972    0.9938       718
         est     0.6667    0.6667    0.6667         6
         eus     1.0000    0.8750    0.9333         8
         fao     1.0000    1.0000    1.0000         1
         fin     0.9701    0.9939    0.9818       163
         fkv     0.0000    0.0000    0.0000         1
         fra     0.9939    0.9939    0.9939       495
         fry     0.0000    0.0000    0.0000         1
         gcf     1.0000    1.0000    1.0000         4
         gla     1.0000    0.6667    0.8000         3
         gle     0.6667    0.8000    0.7273         5
         glg     0.5000    0.2500    0.3333         4
         gos     0.5000    0.7500    0.6000         4
         got     1.0000    1.0000    1.0000         1
         grc     1.0000    1.0000    1.0000         2
         grn     1.0000    1.0000    1.0000         1
         haw     0.0000    0.0000    0.0000         0
         heb     1.0000    1.0000    1.0000       223
         hin     1.0000    1.0000    1.0000        24
         hrv     0.0000    0.0000    0.0000         5
         hsb     0.0000    0.0000    0.0000         0
         hun     1.0000    0.9970    0.9985       329
         hye     1.0000    1.0000    1.0000         2
         ido     0.8333    0.5556    0.6667         9
         ile     1.0000    0.7778    0.8750         9
         ilo     1.0000    0.5000    0.6667         2
         ina     0.9630    0.8966    0.9286        29
         ind     0.6842    1.0000    0.8125        13
         isl     1.0000    0.8750    0.9333        16
         ita     0.9936    0.9946    0.9941       933
         jbo     1.0000    0.9500    0.9744        20
         jpn     1.0000    1.0000    1.0000       262
         kab     0.7288    0.8487    0.7842       152
         kat     1.0000    1.0000    1.0000         4
         kaz     0.6667    1.0000    0.8000         2
         khm     1.0000    1.0000    1.0000         1
         kor     1.0000    1.0000    1.0000        10
         krl     0.0000    0.0000    0.0000         1
         kzj     1.0000    1.0000    1.0000         2
         lat     0.9565    0.9167    0.9362        48
         lfn     0.8571    0.7500    0.8000         8
         lit     1.0000    0.9574    0.9783        47
         ltz     0.0000    0.0000    0.0000         1
         lvs     1.0000    1.0000    1.0000         4
         lzh     1.0000    1.0000    1.0000         2
         mar     1.0000    0.9844    0.9921        64
         mgm     0.0000    0.0000    0.0000         1
         mhr     1.0000    1.0000    1.0000         8
         mkd     0.9588    0.9490    0.9538        98
         mon     1.0000    1.0000    1.0000         1
         mri     1.0000    1.0000    1.0000         1
         mww     0.0000    0.0000    0.0000         1
         mya     1.0000    1.0000    1.0000         1
         nah     0.0000    0.0000    0.0000         1
         nds     0.8750    0.8750    0.8750        24
         nld     0.9848    0.9848    0.9848       132
         nob     0.9167    0.8462    0.8800        13
         nov     0.0000    0.0000    0.0000         0
         nst     1.0000    1.0000    1.0000         1
         oci     1.0000    1.0000    1.0000         7
         ori     1.0000    1.0000    1.0000         1
         orv     1.0000    1.0000    1.0000         1
         oss     1.0000    1.0000    1.0000         1
         ota     1.0000    1.0000    1.0000         2
         pam     1.0000    1.0000    1.0000         5
         pes     1.0000    1.0000    1.0000        31
         pms     1.0000    1.0000    1.0000         1
         pol     1.0000    1.0000    1.0000       122
         por     0.9843    0.9932    0.9887       442
         prg     0.6667    1.0000    0.8000         2
         rom     0.5000    1.0000    0.6667         1
         ron     0.9630    1.0000    0.9811        26
         run     0.8000    1.0000    0.8889         4
         rus     0.9956    1.0000    0.9978       903
         sah     0.5000    1.0000    0.6667         1
         san     0.0000    0.0000    0.0000         0
         shy     0.0000    0.0000    0.0000         1
         slk     0.7500    0.5000    0.6000         6
         slv     0.0000    0.0000    0.0000         1
         spa     0.9754    0.9925    0.9839       399
         sqi     1.0000    0.6667    0.8000         3
         srp     0.8372    0.8780    0.8571        41
         swe     0.9048    1.0000    0.9500        38
         swh     0.0000    0.0000    0.0000         3
         tat     1.0000    0.9500    0.9744        20
         tgl     0.9375    0.8333    0.8824        18
         tha     1.0000    1.0000    1.0000         2
         thv     0.0000    0.0000    0.0000         1
         tlh     0.9333    1.0000    0.9655        14
        toki     1.0000    1.0000    1.0000        49
         tpw     1.0000    1.0000    1.0000         1
         tuk     0.8000    0.8000    0.8000         5
         tur     0.9955    0.9989    0.9972       895
         uig     1.0000    1.0000    1.0000         8
         ukr     1.0000    0.9905    0.9952       210
         urd     1.0000    1.0000    1.0000         3
         uzb     0.0000    0.0000    0.0000         2
         vie     1.0000    1.0000    1.0000        12
         vol     1.0000    1.0000    1.0000         3
         war     1.0000    1.0000    1.0000         3
         wuu     0.8000    1.0000    0.8889         4
         xal     1.0000    1.0000    1.0000         1
         yid     1.0000    1.0000    1.0000         3
         yue     1.0000    1.0000    1.0000         4
         zlm     0.0000    0.0000    0.0000         1
         zsm     1.0000    0.2500    0.4000         4
         zza     1.0000    1.0000    1.0000         2

    accuracy                         0.9798     10000
   macro avg     0.7654    0.7614    0.7534     10000
weighted avg     0.9790    0.9798    0.9787     10000
