              precision    recall  f1-score   support

         afb     0.0000    0.0000    0.0000         1
         afr     1.0000    0.8571    0.9231         7
         ara     0.9643    0.9818    0.9730        55
         arg     0.0000    0.0000    0.0000         1
         arq     0.5000    1.0000    0.6667         1
         arz     0.0000    0.0000    0.0000         1
         asm     0.0000    0.0000    0.0000         1
         ast     0.0000    0.0000    0.0000         1
         avk     1.0000    0.7500    0.8571         8
         aze     1.0000    0.6667    0.8000         3
         bel     1.0000    0.9444    0.9714        18
         ben     0.7500    1.0000    0.8571         3
         ber     0.8638    0.8339    0.8486       289
         bos     0.0000    0.0000    0.0000         1
         bre     1.0000    0.9000    0.9474        10
         bua     0.0000    0.0000    0.0000         0
         bul     0.9565    0.9565    0.9565        23
         cat     0.8333    0.5556    0.6667         9
         cbk     1.0000    0.5000    0.6667         4
         ceb     0.0000    0.0000    0.0000         4
         ces     0.8537    0.9459    0.8974        37
         chv     1.0000    1.0000    1.0000         2
         ckt     1.0000    1.0000    1.0000         1
         cmn     0.9756    1.0000    0.9877        80
         cor     1.0000    1.0000    1.0000         2
         csb     1.0000    1.0000    1.0000         2
         cym     1.0000    1.0000    1.0000         2
         dan     0.9333    0.8571    0.8936        49
         deu     0.9982    0.9982    0.9982       570
         dsb     1.0000    1.0000    1.0000         1
         dtp     0.5000    1.0000    0.6667         2
         ell     1.0000    1.0000    1.0000        34
         eng     0.9981    0.9987    0.9984      1550
         epo     0.9958    0.9944    0.9951       718
         est     0.8000    0.6667    0.7273         6
         eus     1.0000    1.0000    1.0000         8
         fao     0.0000    0.0000    0.0000         1
         fin     0.9756    0.9816    0.9786       163
         fkv     0.0000    0.0000    0.0000         1
         fra     0.9880    0.9960    0.9920       495
         fry     0.0000    0.0000    0.0000         1
         gcf     0.8000    1.0000    0.8889         4
         gla     1.0000    0.6667    0.8000         3
         gle     0.6667    0.8000    0.7273         5
         glg     0.0000    0.0000    0.0000         4
         gos     1.0000    0.5000    0.6667         4
         got     1.0000    1.0000    1.0000         1
         grc     1.0000    1.0000    1.0000         2
         grn     1.0000    1.0000    1.0000         1
         guj     0.0000    0.0000    0.0000         0
         heb     1.0000    0.9955    0.9978       223
         hin     0.9231    1.0000    0.9600        24
         hoc     0.0000    0.0000    0.0000         0
         hrv     0.0000    0.0000    0.0000         5
         hun     0.9970    0.9970    0.9970       329
         hye     1.0000    1.0000    1.0000         2
         ido     0.6250    0.5556    0.5882         9
         ile     0.8750    0.7778    0.8235         9
         ilo     0.0000    0.0000    0.0000         2
         ina     0.9615    0.8621    0.9091        29
         ind     0.6500    1.0000    0.7879        13
         isl     0.8750    0.8750    0.8750        16
         ita     0.9925    0.9936    0.9930       933
         jbo     0.9048    0.9500    0.9268        20
         jpn     1.0000    1.0000    1.0000       262
         kab     0.7048    0.7697    0.7358       152
         kat     1.0000    1.0000    1.0000         4
         kaz     0.6667    1.0000    0.8000         2
         khm     1.0000    1.0000    1.0000         1
         kor     1.0000    0.9000    0.9474        10
         krl     0.0000    0.0000    0.0000         1
         kzj     1.0000    1.0000    1.0000         2
         lat     0.9362    0.9167    0.9263        48
         lfn     0.6667    0.5000    0.5714         8
         lit     1.0000    0.9574    0.9783        47
         ltz     0.0000    0.0000    0.0000         1
         lvs     1.0000    0.7500    0.8571         4
         lzh     1.0000    0.5000    0.6667         2
         mar     1.0000    0.9688    0.9841        64
         mgm     0.0000    0.0000    0.0000         1
         mhr     1.0000    1.0000    1.0000         8
         mkd     0.9490    0.9490    0.9490        98
         mon     0.0000    0.0000    0.0000         1
         mri     1.0000    1.0000    1.0000         1
         mww     0.0000    0.0000    0.0000         1
         mya     1.0000    1.0000    1.0000         1
         nah     0.0000    0.0000    0.0000         1
         nds     0.9200    0.9583    0.9388        24
         nld     0.9848    0.9848    0.9848       132
         nob     0.6000    0.9231    0.7273        13
         nst     1.0000    1.0000    1.0000         1
         oci     1.0000    0.7143    0.8333         7
         ori     1.0000    1.0000    1.0000         1
         orv     1.0000    1.0000    1.0000         1
         oss     1.0000    1.0000    1.0000         1
         ota     0.5000    0.5000    0.5000         2
         pam     1.0000    1.0000    1.0000         5
         pes     0.9688    1.0000    0.9841        31
         pms     0.0000    0.0000    0.0000         1
         pol     1.0000    1.0000    1.0000       122
         por     0.9932    0.9932    0.9932       442
         prg     1.0000    1.0000    1.0000         2
         rom     1.0000    1.0000    1.0000         1
         ron     1.0000    1.0000    1.0000        26
         run     1.0000    1.0000    1.0000         4
         rus     0.9967    0.9934    0.9950       903
         sah     0.0000    0.0000    0.0000         1
         shy     0.0000    0.0000    0.0000         1
         slk     0.6000    0.5000    0.5455         6
         slv     0.0000    0.0000    0.0000         1
         spa     0.9566    0.9950    0.9754       399
         sqi     1.0000    0.3333    0.5000         3
         srp     0.6981    0.9024    0.7872        41
         swe     0.9487    0.9737    0.9610        38
         swh     0.0000    0.0000    0.0000         3
         tat     1.0000    1.0000    1.0000        20
         tgl     0.8000    0.8889    0.8421        18
         tha     1.0000    1.0000    1.0000         2
         thv     0.0000    0.0000    0.0000         1
         tlh     0.8667    0.9286    0.8966        14
        toki     1.0000    0.9796    0.9897        49
         tpw     0.0000    0.0000    0.0000         1
         tuk     1.0000    0.8000    0.8889         5
         tur     0.9933    0.9989    0.9961       895
         uig     1.0000    1.0000    1.0000         8
         ukr     0.9718    0.9857    0.9787       210
         urd     1.0000    1.0000    1.0000         3
         uzb     1.0000    0.5000    0.6667         2
         vie     1.0000    1.0000    1.0000        12
         vol     0.7500    1.0000    0.8571         3
         war     1.0000    1.0000    1.0000         3
         wuu     1.0000    0.7500    0.8571         4
         xal     1.0000    1.0000    1.0000         1
         yid     0.7500    1.0000    0.8571         3
         yue     1.0000    1.0000    1.0000         4
         zlm     0.0000    0.0000    0.0000         1
         zsm     0.0000    0.0000    0.0000         4
         zza     1.0000    0.5000    0.6667         2

    accuracy                         0.9751     10000
   macro avg     0.7201    0.7005    0.7018     10000
weighted avg     0.9729    0.9751    0.9734     10000
