              precision    recall  f1-score   support

         afb     0.0000    0.0000    0.0000         1
         afr     1.0000    1.0000    1.0000         7
         ara     0.9630    0.9455    0.9541        55
         arg     0.0000    0.0000    0.0000         1
         arq     0.2500    1.0000    0.4000         1
         arz     0.0000    0.0000    0.0000         1
         asm     1.0000    1.0000    1.0000         1
         ast     0.0000    0.0000    0.0000         1
         avk     0.8000    1.0000    0.8889         8
         aze     1.0000    0.6667    0.8000         3
         bel     1.0000    1.0000    1.0000        18
         ben     1.0000    1.0000    1.0000         3
         ber     0.9185    0.8581    0.8873       289
         bos     0.0000    0.0000    0.0000         1
         bre     0.8333    1.0000    0.9091        10
         bul     1.0000    0.9565    0.9778        23
         cat     1.0000    0.7778    0.8750         9
         cbk     0.6667    0.5000    0.5714         4
         ceb     1.0000    0.5000    0.6667         4
         ces     0.9714    0.9189    0.9444        37
         chv     1.0000    1.0000    1.0000         2
         ckt     1.0000    1.0000    1.0000         1
         cmn     1.0000    0.9875    0.9937        80
         cor     0.6667    1.0000    0.8000         2
         csb     1.0000    1.0000    1.0000         2
         cym     1.0000    1.0000    1.0000         2
         dan     0.9200    0.9388    0.9293        49
         deu     0.9965    0.9982    0.9974       570
         dsb     1.0000    1.0000    1.0000         1
         dtp     0.6667    1.0000    0.8000         2
         ell     1.0000    1.0000    1.0000        34
         eng     0.9994    0.9987    0.9990      1550
         epo     0.9958    0.9986    0.9972       718
         est     0.8000    0.6667    0.7273         6
         eus     1.0000    1.0000    1.0000         8
         fao     1.0000    1.0000    1.0000         1
         fin     0.9819    1.0000    0.9909       163
         fkv     0.0000    0.0000    0.0000         1
         fra     0.9980    0.9939    0.9960       495
         fry     0.0000    0.0000    0.0000         1
         gcf     1.0000    1.0000    1.0000         4
         gla     1.0000    0.6667    0.8000         3
         gle     0.8333    1.0000    0.9091         5
         glg     0.7500    0.7500    0.7500         4
         gos     0.6667    0.5000    0.5714         4
         got     1.0000    1.0000    1.0000         1
         grc     1.0000    1.0000    1.0000         2
         grn     1.0000    1.0000    1.0000         1
         heb     1.0000    1.0000    1.0000       223
         hin     1.0000    1.0000    1.0000        24
         hoc     0.0000    0.0000    0.0000         0
         hrv     0.5000    0.4000    0.4444         5
         hun     1.0000    1.0000    1.0000       329
         hye     1.0000    1.0000    1.0000         2
         ido     1.0000    0.7778    0.8750         9
         ile     0.7273    0.8889    0.8000         9
         ilo     1.0000    0.5000    0.6667         2
         ina     0.9355    1.0000    0.9667        29
         ind     0.8571    0.9231    0.8889        13
         isl     1.0000    0.8750    0.9333        16
         ita     0.9989    0.9914    0.9952       933
         jbo     0.9524    1.0000    0.9756        20
         jpn     1.0000    1.0000    1.0000       262
         kab     0.7661    0.8618    0.8111       152
         kat     1.0000    1.0000    1.0000         4
         kaz     1.0000    1.0000    1.0000         2
         khm     1.0000    1.0000    1.0000         1
         kor     1.0000    1.0000    1.0000        10
         krl     1.0000    1.0000    1.0000         1
         kzj     1.0000    1.0000    1.0000         2
         lat     1.0000    0.9375    0.9677        48
         lfn     1.0000    0.8750    0.9333         8
         lit     0.9783    0.9574    0.9677        47
         ltz     1.0000    1.0000    1.0000         1
         lvs     1.0000    1.0000    1.0000         4
         lzh     1.0000    1.0000    1.0000         2
         mar     1.0000    0.9844    0.9921        64
         mgm     0.0000    0.0000    0.0000         1
         mhr     1.0000    1.0000    1.0000         8
         mkd     0.9596    0.9694    0.9645        98
         mon     1.0000    1.0000    1.0000         1
         mri     1.0000    1.0000    1.0000         1
         mww     1.0000    1.0000    1.0000         1
         mya     1.0000    1.0000    1.0000         1
         nah     0.0000    0.0000    0.0000         1
         nds     0.8800    0.9167    0.8980        24
         nld     0.9848    0.9848    0.9848       132
         nob     0.9091    0.7692    0.8333        13
         nov     0.0000    0.0000    0.0000         0
         nst     1.0000    1.0000    1.0000         1
         oci     1.0000    1.0000    1.0000         7
         ori     1.0000    1.0000    1.0000         1
         orv     1.0000    1.0000    1.0000         1
         oss     0.5000    1.0000    0.6667         1
         ota     1.0000    1.0000    1.0000         2
         pam     1.0000    1.0000    1.0000         5
         pes     1.0000    1.0000    1.0000        31
         pms     1.0000    1.0000    1.0000         1
         pol     1.0000    1.0000    1.0000       122
         por     0.9910    0.9932    0.9921       442
         prg     0.6667    1.0000    0.8000         2
         rom     0.0000    0.0000    0.0000         1
         ron     1.0000    1.0000    1.0000        26
         run     0.8000    1.0000    0.8889         4
         rus     0.9967    0.9956    0.9961       903
         sah     1.0000    1.0000    1.0000         1
         san     0.0000    0.0000    0.0000         0
         shy     0.0000    0.0000    0.0000         1
         slk     0.5556    0.8333    0.6667         6
         slv     0.0000    0.0000    0.0000         1
         spa     0.9730    0.9925    0.9826       399
         sqi     1.0000    0.6667    0.8000         3
         srp     0.8537    0.8537    0.8537        41
         swe     0.9250    0.9737    0.9487        38
         swh     1.0000    0.6667    0.8000         3
         tat     1.0000    1.0000    1.0000        20
         tgl     0.9474    1.0000    0.9730        18
         tha     1.0000    1.0000    1.0000         2
         thv     1.0000    1.0000    1.0000         1
         tlh     0.9333    1.0000    0.9655        14
        toki     1.0000    1.0000    1.0000        49
         tpw     1.0000    1.0000    1.0000         1
         tuk     0.6667    0.8000    0.7273         5
         tur     0.9978    0.9989    0.9983       895
         uig     1.0000    1.0000    1.0000         8
         ukr     0.9765    0.9905    0.9835       210
         urd     1.0000    1.0000    1.0000         3
         uzb     1.0000    0.5000    0.6667         2
         vie     1.0000    1.0000    1.0000        12
         vol     1.0000    1.0000    1.0000         3
         war     1.0000    1.0000    1.0000         3
         wuu     0.8000    1.0000    0.8889         4
         xal     1.0000    1.0000    1.0000         1
         yid     1.0000    1.0000    1.0000         3
         yue     1.0000    1.0000    1.0000         4
         zlm     0.0000    0.0000    0.0000         1
         zsm     0.7500    0.7500    0.7500         4
         zza     1.0000    1.0000    1.0000         2

    accuracy                         0.9833     10000
   macro avg     0.8294    0.8279    0.8216     10000
weighted avg     0.9835    0.9833    0.9830     10000
