              precision    recall  f1-score   support

         afb     0.0000    0.0000    0.0000         1
         afr     1.0000    1.0000    1.0000         7
         ara     0.9623    0.9273    0.9444        55
         arg     0.0000    0.0000    0.0000         1
         arq     0.2000    1.0000    0.3333         1
         arz     0.0000    0.0000    0.0000         1
         asm     1.0000    1.0000    1.0000         1
         ast     0.0000    0.0000    0.0000         1
         avk     0.8750    0.8750    0.8750         8
         aze     1.0000    0.6667    0.8000         3
         bel     1.0000    1.0000    1.0000        18
         ben     1.0000    1.0000    1.0000         3
         ber     0.8862    0.8893    0.8877       289
         bos     0.0000    0.0000    0.0000         1
         bre     0.9091    1.0000    0.9524        10
         bul     1.0000    0.9565    0.9778        23
         cat     1.0000    0.7778    0.8750         9
         cbk     0.6667    0.5000    0.5714         4
         ceb     1.0000    0.2500    0.4000         4
         ces     0.9444    0.9189    0.9315        37
         chv     1.0000    1.0000    1.0000         2
         ckt     1.0000    1.0000    1.0000         1
         cmn     0.9877    1.0000    0.9938        80
         cor     1.0000    1.0000    1.0000         2
         csb     1.0000    1.0000    1.0000         2
         cym     1.0000    1.0000    1.0000         2
         dan     0.9412    0.9796    0.9600        49
         deu     0.9965    0.9982    0.9974       570
         dsb     1.0000    1.0000    1.0000         1
         dtp     0.6667    1.0000    0.8000         2
         ell     1.0000    1.0000    1.0000        34
         eng     0.9987    0.9987    0.9987      1550
         epo     0.9972    0.9972    0.9972       718
         est     0.8000    0.6667    0.7273         6
         eus     1.0000    0.8750    0.9333         8
         fao     1.0000    1.0000    1.0000         1
         fin     0.9701    0.9939    0.9818       163
         fkv     0.0000    0.0000    0.0000         1
         fra     0.9960    0.9960    0.9960       495
         fry     0.0000    0.0000    0.0000         1
         gcf     1.0000    1.0000    1.0000         4
         gla     1.0000    0.6667    0.8000         3
         gle     1.0000    1.0000    1.0000         5
         glg     0.5000    0.7500    0.6000         4
         gos     0.6000    0.7500    0.6667         4
         got     1.0000    1.0000    1.0000         1
         grc     1.0000    1.0000    1.0000         2
         grn     1.0000    1.0000    1.0000         1
         haw     0.0000    0.0000    0.0000         0
         heb     1.0000    1.0000    1.0000       223
         hin     1.0000    1.0000    1.0000        24
         hrv     0.2000    0.2000    0.2000         5
         hun     1.0000    1.0000    1.0000       329
         hye     1.0000    1.0000    1.0000         2
         ido     1.0000    0.7778    0.8750         9
         ile     1.0000    0.8889    0.9412         9
         ilo     1.0000    0.5000    0.6667         2
         ina     1.0000    0.9310    0.9643        29
         ind     0.7222    1.0000    0.8387        13
         isl     1.0000    0.9375    0.9677        16
         ita     0.9936    0.9946    0.9941       933
         jbo     1.0000    1.0000    1.0000        20
         jpn     1.0000    1.0000    1.0000       262
         kab     0.7947    0.7895    0.7921       152
         kat     1.0000    1.0000    1.0000         4
         kaz     1.0000    1.0000    1.0000         2
         khm     1.0000    1.0000    1.0000         1
         kor     1.0000    1.0000    1.0000        10
         krl     1.0000    1.0000    1.0000         1
         kzj     0.6667    1.0000    0.8000         2
         lat     1.0000    0.9375    0.9677        48
         lfn     1.0000    0.6250    0.7692         8
         lit     1.0000    0.9574    0.9783        47
         ltz     1.0000    1.0000    1.0000         1
         lvs     1.0000    1.0000    1.0000         4
         lzh     1.0000    0.5000    0.6667         2
         mar     1.0000    0.9844    0.9921        64
         mgm     0.0000    0.0000    0.0000         1
         mhr     1.0000    1.0000    1.0000         8
         mkd     0.9596    0.9694    0.9645        98
         mon     1.0000    1.0000    1.0000         1
         mri     1.0000    1.0000    1.0000         1
         mww     1.0000    1.0000    1.0000         1
         mya     1.0000    1.0000    1.0000         1
         nah     0.0000    0.0000    0.0000         1
         nds     0.9167    0.9167    0.9167        24
         nld     0.9847    0.9773    0.9810       132
         nno     0.0000    0.0000    0.0000         0
         nob     1.0000    0.9231    0.9600        13
         nov     0.0000    0.0000    0.0000         0
         nst     1.0000    1.0000    1.0000         1
         oci     0.8750    1.0000    0.9333         7
         ori     1.0000    1.0000    1.0000         1
         orv     1.0000    1.0000    1.0000         1
         oss     1.0000    1.0000    1.0000         1
         ota     1.0000    0.5000    0.6667         2
         pam     1.0000    1.0000    1.0000         5
         pes     0.9688    1.0000    0.9841        31
         pms     1.0000    1.0000    1.0000         1
         pol     1.0000    0.9918    0.9959       122
         por     0.9910    0.9932    0.9921       442
         prg     0.6667    1.0000    0.8000         2
         rom     0.5000    1.0000    0.6667         1
         ron     0.9630    1.0000    0.9811        26
         run     0.8000    1.0000    0.8889         4
         rus     0.9956    0.9978    0.9967       903
         sah     0.5000    1.0000    0.6667         1
         san     0.0000    0.0000    0.0000         0
         shy     0.0000    0.0000    0.0000         1
         slk     0.6250    0.8333    0.7143         6
         slv     0.0000    0.0000    0.0000         1
         sme     0.0000    0.0000    0.0000         0
         spa     0.9777    0.9900    0.9838       399
         sqi     1.0000    0.6667    0.8000         3
         srp     0.8571    0.8780    0.8675        41
         swe     1.0000    0.9737    0.9867        38
         swh     1.0000    0.6667    0.8000         3
         tat     1.0000    0.9500    0.9744        20
         tgl     0.9000    1.0000    0.9474        18
         tha     1.0000    1.0000    1.0000         2
         thv     1.0000    1.0000    1.0000         1
         tlh     0.9286    0.9286    0.9286        14
        toki     1.0000    1.0000    1.0000        49
         tpw     1.0000    1.0000    1.0000         1
         tuk     0.6667    0.8000    0.7273         5
         tur     0.9967    0.9989    0.9978       895
         uig     1.0000    1.0000    1.0000         8
         ukr     0.9858    0.9905    0.9881       210
         urd     1.0000    1.0000    1.0000         3
         uzb     1.0000    1.0000    1.0000         2
         vie     1.0000    1.0000    1.0000        12
         vol     1.0000    1.0000    1.0000         3
         war     1.0000    1.0000    1.0000         3
         wuu     1.0000    1.0000    1.0000         4
         xal     1.0000    1.0000    1.0000         1
         yid     1.0000    1.0000    1.0000         3
         yue     1.0000    1.0000    1.0000         4
         zlm     0.0000    0.0000    0.0000         1
         zsm     0.0000    0.0000    0.0000         4
         zza     1.0000    1.0000    1.0000         2

    accuracy                         0.9827     10000
   macro avg     0.8167    0.8100    0.8037     10000
weighted avg     0.9827    0.9827    0.9823     10000
