              precision    recall  f1-score   support

         afb     0.0000    0.0000    0.0000         1
         afr     1.0000    1.0000    1.0000         7
         ara     0.9643    0.9818    0.9730        55
         arg     0.0000    0.0000    0.0000         1
         arq     0.5000    1.0000    0.6667         1
         arz     0.0000    0.0000    0.0000         1
         asm     0.0000    0.0000    0.0000         1
         ast     0.0000    0.0000    0.0000         1
         avk     0.8750    0.8750    0.8750         8
         aze     0.6667    0.6667    0.6667         3
         bel     0.9474    1.0000    0.9730        18
         ben     0.7500    1.0000    0.8571         3
         ber     0.9231    0.8720    0.8968       289
         bos     0.0000    0.0000    0.0000         1
         bre     0.8333    1.0000    0.9091        10
         bul     1.0000    0.9565    0.9778        23
         cat     0.7778    0.7778    0.7778         9
         cbk     0.7500    0.7500    0.7500         4
         ceb     1.0000    0.5000    0.6667         4
         ces     0.9706    0.8919    0.9296        37
         chv     1.0000    1.0000    1.0000         2
         ckt     1.0000    1.0000    1.0000         1
         cmn     0.9877    1.0000    0.9938        80
         cor     1.0000    1.0000    1.0000         2
         csb     1.0000    1.0000    1.0000         2
         cym     1.0000    1.0000    1.0000         2
         dan     0.9600    0.9796    0.9697        49
         deu     0.9982    0.9965    0.9974       570
         dsb     1.0000    1.0000    1.0000         1
         dtp     0.6667    1.0000    0.8000         2
         ell     1.0000    1.0000    1.0000        34
         eng     0.9994    0.9994    0.9994      1550
         epo     0.9972    0.9958    0.9965       718
         est     0.7143    0.8333    0.7692         6
         eus     0.8889    1.0000    0.9412         8
         fao     1.0000    1.0000    1.0000         1
         fin     0.9759    0.9939    0.9848       163
         fkv     0.0000    0.0000    0.0000         1
         fra     0.9960    0.9960    0.9960       495
         fry     0.0000    0.0000    0.0000         1
         gcf     1.0000    1.0000    1.0000         4
         gla     1.0000    0.6667    0.8000         3
         gle     0.7143    1.0000    0.8333         5
         glg     0.6667    0.5000    0.5714         4
         gos     1.0000    1.0000    1.0000         4
         got     1.0000    1.0000    1.0000         1
         grc     1.0000    1.0000    1.0000         2
         grn     0.5000    1.0000    0.6667         1
         heb     1.0000    1.0000    1.0000       223
         hin     0.9600    1.0000    0.9796        24
         hoc     0.0000    0.0000    0.0000         0
         hrv     0.4286    0.6000    0.5000         5
         hun     1.0000    0.9970    0.9985       329
         hye     1.0000    1.0000    1.0000         2
         ido     1.0000    0.7778    0.8750         9
         ile     1.0000    0.8889    0.9412         9
         ilo     1.0000    0.5000    0.6667         2
         ina     0.9655    0.9655    0.9655        29
         ind     0.7500    0.9231    0.8276        13
         isl     1.0000    0.9375    0.9677        16
         ita     0.9946    0.9946    0.9946       933
         jbo     1.0000    1.0000    1.0000        20
         jpn     1.0000    1.0000    1.0000       262
         kab     0.7857    0.8684    0.8250       152
         kat     1.0000    1.0000    1.0000         4
         kaz     1.0000    1.0000    1.0000         2
         khm     1.0000    1.0000    1.0000         1
         kor     1.0000    1.0000    1.0000        10
         krl     0.0000    0.0000    0.0000         1
         kzj     1.0000    1.0000    1.0000         2
         lat     1.0000    0.9375    0.9677        48
         lfn     1.0000    0.6250    0.7692         8
         lit     0.9783    0.9574    0.9677        47
         ltz     1.0000    1.0000    1.0000         1
         lvs     1.0000    1.0000    1.0000         4
         lzh     1.0000    0.5000    0.6667         2
         mar     1.0000    0.9844    0.9921        64
         mgm     0.0000    0.0000    0.0000         1
         mhr     1.0000    1.0000    1.0000         8
         mkd     0.9515    1.0000    0.9751        98
         mon     1.0000    1.0000    1.0000         1
         mri     1.0000    1.0000    1.0000         1
         mww     1.0000    1.0000    1.0000         1
         mya     1.0000    1.0000    1.0000         1
         nah     0.0000    0.0000    0.0000         1
         nds     0.8846    0.9583    0.9200        24
         nld     0.9923    0.9773    0.9847       132
         nob     1.0000    1.0000    1.0000        13
         nov     0.0000    0.0000    0.0000         0
         nst     1.0000    1.0000    1.0000         1
         oci     1.0000    0.8571    0.9231         7
         ori     1.0000    1.0000    1.0000         1
         orv     1.0000    1.0000    1.0000         1
         oss     1.0000    1.0000    1.0000         1
         ota     1.0000    0.5000    0.6667         2
         pam     1.0000    0.8000    0.8889         5
         pdc     0.0000    0.0000    0.0000         0
         pes     0.9688    1.0000    0.9841        31
         pms     1.0000    1.0000    1.0000         1
         pol     1.0000    1.0000    1.0000       122
         por     0.9955    0.9977    0.9966       442
         prg     0.6667    1.0000    0.8000         2
         rom     0.0000    0.0000    0.0000         1
         ron     1.0000    1.0000    1.0000        26
         run     1.0000    1.0000    1.0000         4
         rus     0.9967    0.9978    0.9972       903
         sah     0.5000    1.0000    0.6667         1
         shy     0.0000    0.0000    0.0000         1
         slk     0.5556    0.8333    0.6667         6
         slv     0.0000    0.0000    0.0000         1
         spa     0.9802    0.9950    0.9876       399
         sqi     1.0000    0.6667    0.8000         3
         srp     0.9211    0.8537    0.8861        41
         swe     1.0000    0.9737    0.9867        38
         swh     1.0000    0.6667    0.8000         3
         tat     1.0000    0.9500    0.9744        20
         tgl     0.9474    1.0000    0.9730        18
         tha     1.0000    1.0000    1.0000         2
         thv     1.0000    1.0000    1.0000         1
         tlh     0.9286    0.9286    0.9286        14
        toki     1.0000    1.0000    1.0000        49
         tpw     1.0000    1.0000    1.0000         1
         tuk     0.8000    0.8000    0.8000         5
         tur     0.9967    0.9978    0.9972       895
         uig     1.0000    1.0000    1.0000         8
         ukr     0.9905    0.9905    0.9905       210
         urd     1.0000    1.0000    1.0000         3
         uzb     1.0000    0.5000    0.6667         2
         vie     1.0000    1.0000    1.0000        12
         vol     1.0000    1.0000    1.0000         3
         war     0.7500    1.0000    0.8571         3
         wuu     1.0000    1.0000    1.0000         4
         xal     1.0000    1.0000    1.0000         1
         yid     1.0000    1.0000    1.0000         3
         yue     1.0000    1.0000    1.0000         4
         zlm     0.0000    0.0000    0.0000         1
         zsm     0.5000    0.2500    0.3333         4
         zza     1.0000    1.0000    1.0000         2

    accuracy                         0.9843     10000
   macro avg     0.8131    0.8057    0.8014     10000
weighted avg     0.9845    0.9843    0.9840     10000
