              precision    recall  f1-score   support

         afb     0.0000    0.0000    0.0000         1
         afh     0.0000    0.0000    0.0000         0
         afr     0.0000    0.0000    0.0000         7
         amh     0.0000    0.0000    0.0000         0
         ara     0.0000    0.0000    0.0000        55
         arg     0.0000    0.0000    0.0000         1
         arq     0.0000    0.0000    0.0000         1
         ary     0.0000    0.0000    0.0000         0
         arz     0.0000    0.0000    0.0000         1
         asm     0.0000    0.0000    0.0000         1
         ast     0.0000    0.0000    0.0000         1
         avk     0.0000    0.0000    0.0000         8
         awa     0.0000    0.0000    0.0000         0
         aze     0.0000    0.0000    0.0000         3
         bak     0.0000    0.0000    0.0000         0
         bar     0.0000    0.0000    0.0000         0
         bel     0.0000    0.0000    0.0000        18
         ben     0.0057    0.6667    0.0114         3
         ber     0.0173    0.0208    0.0189       289
         bos     0.0000    0.0000    0.0000         1
         bre     0.0000    0.0000    0.0000        10
         bua     0.0000    0.0000    0.0000         0
         bul     0.0000    0.0000    0.0000        23
         bvy     0.0000    0.0000    0.0000         0
         cat     0.0000    0.0000    0.0000         9
         cbk     0.0000    0.0000    0.0000         4
         ceb     0.0000    0.0000    0.0000         4
         ces     0.0179    0.0270    0.0215        37
         cha     0.0000    0.0000    0.0000         0
         chv     0.0000    0.0000    0.0000         2
         ckt     0.0000    0.0000    0.0000         1
         cmn     0.0000    0.0000    0.0000        80
         cor     0.0000    0.0000    0.0000         2
         crh     0.0000    0.0000    0.0000         0
         csb     0.0000    0.0000    0.0000         2
         cym     0.0000    0.0000    0.0000         2
         dan     0.0000    0.0000    0.0000        49
         deu     0.0000    0.0000    0.0000       570
         dsb     0.0000    0.0000    0.0000         1
         dtp     0.0000    0.0000    0.0000         2
         dws     0.0000    0.0000    0.0000         0
         egl     0.0000    0.0000    0.0000         0
         ell     0.0000    0.0000    0.0000        34
         eng     0.0000    0.0000    0.0000      1550
         epo     0.0000    0.0000    0.0000       718
         est     0.0000    0.0000    0.0000         6
         eus     0.0000    0.0000    0.0000         8
         ext     0.0000    0.0000    0.0000         0
         fao     0.0256    1.0000    0.0500         1
         fin     0.0000    0.0000    0.0000       163
         fkv     0.0000    0.0000    0.0000         1
         fra     0.0000    0.0000    0.0000       495
         fry     0.0000    0.0000    0.0000         1
         gcf     0.0000    0.0000    0.0000         4
         gla     0.0000    0.0000    0.0000         3
         gle     0.0000    0.0000    0.0000         5
         glg     0.0000    0.0000    0.0000         4
         gos     0.0000    0.0000    0.0000         4
         got     0.0000    0.0000    0.0000         1
         grc     0.0000    0.0000    0.0000         2
         grn     0.0000    0.0000    0.0000         1
         gsw     0.0000    0.0000    0.0000         0
         guj     0.0000    0.0000    0.0000         0
         hat     0.0000    0.0000    0.0000         0
         hau     0.0000    0.0000    0.0000         0
         haw     0.0000    0.0000    0.0000         0
         heb     0.1000    0.0045    0.0086       223
         hin     0.0000    0.0000    0.0000        24
         hrv     0.0000    0.0000    0.0000         5
         hrx     0.0000    0.0000    0.0000         0
         hsb     0.0000    0.0000    0.0000         0
         hun     0.0000    0.0000    0.0000       329
         hye     0.0000    0.0000    0.0000         2
         ido     0.0000    0.0000    0.0000         9
         ile     0.0000    0.0000    0.0000         9
         ilo     0.0000    0.0000    0.0000         2
         ina     0.0000    0.0000    0.0000        29
         ind     0.0000    0.0000    0.0000        13
         isl     0.0000    0.0000    0.0000        16
         ita     0.0000    0.0000    0.0000       933
         jav     0.0000    0.0000    0.0000         0
         jbo     0.0000    0.0000    0.0000        20
         jpn     0.0000    0.0000    0.0000       262
         kab     0.0000    0.0000    0.0000       152
         kan     0.0000    0.0000    0.0000         0
         kat     0.0000    0.0000    0.0000         4
         kaz     0.0000    0.0000    0.0000         2
         kha     0.0000    0.0000    0.0000         0
         khm     0.0000    0.0000    0.0000         1
         kor     0.0000    0.0000    0.0000        10
         krl     0.0000    0.0000    0.0000         1
         kum     0.0000    0.0000    0.0000         0
         kzj     0.0000    0.0000    0.0000         2
         lad     0.0000    0.0000    0.0000         0
         lat     0.0000    0.0000    0.0000        48
         lfn     0.0000    0.0000    0.0000         8
         lij     0.0000    0.0000    0.0000         0
         lit     0.0000    0.0000    0.0000        47
         lld     0.0000    0.0000    0.0000         0
         ltz     0.0000    0.0000    0.0000         1
         lvs     0.0000    0.0000    0.0000         4
         lzh     0.0000    0.0000    0.0000         2
         mar     0.0000    0.0000    0.0000        64
         max     0.0000    0.0000    0.0000         0
         mgm     0.0000    0.0000    0.0000         1
         mhr     0.0000    0.0000    0.0000         8
         mkd     0.0000    0.0000    0.0000        98
         mlt     0.0000    0.0000    0.0000         0
         moh     0.0000    0.0000    0.0000         0
         mon     0.0000    0.0000    0.0000         1
         mri     0.0000    0.0000    0.0000         1
         mrj     0.0000    0.0000    0.0000         0
         mww     0.0000    0.0000    0.0000         1
         mya     0.0000    0.0000    0.0000         1
         nah     0.0000    0.0000    0.0000         1
         nav     0.0000    0.0000    0.0000         0
         nds     0.0000    0.0000    0.0000        24
         nld     0.0000    0.0000    0.0000       132
         nno     0.0000    0.0000    0.0000         0
         nob     0.0000    0.0000    0.0000        13
         nog     0.0000    0.0000    0.0000         0
         nov     0.0000    0.0000    0.0000         0
         npi     0.0000    0.0000    0.0000         0
         nst     0.0000    0.0000    0.0000         1
         oci     0.0000    0.0000    0.0000         7
         ori     0.0000    0.0000    0.0000         1
         orv     0.0000    0.0000    0.0000         1
         oss     0.0000    0.0000    0.0000         1
         ota     0.0000    0.0000    0.0000         2
         pag     0.0000    0.0000    0.0000         0
         pam     0.0000    0.0000    0.0000         5
         pan     0.0000    0.0000    0.0000         0
         pes     0.0000    0.0000    0.0000        31
         pms     0.0000    0.0000    0.0000         1
         pol     0.0000    0.0000    0.0000       122
         por     0.0000    0.0000    0.0000       442
         prg     0.0000    0.0000    0.0000         2
         que     0.0000    0.0000    0.0000         0
         qya     0.0000    0.0000    0.0000         0
         rif     0.0000    0.0000    0.0000         0
         rom     0.0000    0.0000    0.0000         1
         ron     0.0000    0.0000    0.0000        26
         rue     0.0000    0.0000    0.0000         0
         run     0.0000    0.0000    0.0000         4
         rus     0.0345    0.0011    0.0021       903
         sah     0.0000    0.0000    0.0000         1
         san     0.0000    0.0000    0.0000         0
         shs     0.0000    0.0000    0.0000         0
         shy     0.0000    0.0000    0.0000         1
         sjn     0.0000    0.0000    0.0000         0
         slk     0.0000    0.0000    0.0000         6
         slv     0.0000    0.0000    0.0000         1
         sme     0.0000    0.0000    0.0000         0
         spa     0.0000    0.0000    0.0000       399
         sqi     0.0000    0.0000    0.0000         3
         srp     0.0000    0.0000    0.0000        41
         swe     0.0175    0.0263    0.0211        38
         swg     0.0000    0.0000    0.0000         0
         swh     0.0000    0.0000    0.0000         3
         tat     0.0000    0.0000    0.0000        20
         tgk     0.0000    0.0000    0.0000         0
         tgl     0.0000    0.0000    0.0000        18
         tha     0.0000    0.0000    0.0000         2
         thv     0.0000    0.0000    0.0000         1
         tir     0.0000    0.0000    0.0000         0
         tlh     0.0000    0.0000    0.0000        14
        toki     0.0000    0.0000    0.0000        49
         tpi     0.0000    0.0000    0.0000         0
         tpw     0.0000    0.0000    0.0000         1
         tuk     0.0000    0.0000    0.0000         5
         tur     0.2344    0.0335    0.0587       895
         tzl     0.0000    0.0000    0.0000         0
         udm     0.0000    0.0000    0.0000         0
         uig     0.0000    0.0000    0.0000         8
         ukr     0.0000    0.0000    0.0000       210
         urd     0.0000    0.0000    0.0000         3
         uzb     0.0000    0.0000    0.0000         2
         vie     0.0000    0.0000    0.0000        12
         vol     0.0000    0.0000    0.0000         3
         war     0.0000    0.0000    0.0000         3
         wuu     0.0000    0.0000    0.0000         4
         xal     0.0000    0.0000    0.0000         1
         xho     0.0000    0.0000    0.0000         0
         yid     0.0000    0.0000    0.0000         3
         yue     0.0000    0.0000    0.0000         4
         zlm     0.0000    0.0000    0.0000         1
         zsm     0.0000    0.0000    0.0000         4
         zza     0.0000    0.0000    0.0000         2

    accuracy                         0.0043     10000
   macro avg     0.0024    0.0095    0.0010     10000
weighted avg     0.0270    0.0043    0.0063     10000
