              precision    recall  f1-score   support

         afb     0.0000    0.0000    0.0000         1
         afr     0.6667    0.2857    0.4000         7
         ara     0.9474    0.9818    0.9643        55
         arg     0.0000    0.0000    0.0000         1
         arq     0.0000    0.0000    0.0000         1
         arz     0.0000    0.0000    0.0000         1
         asm     0.0000    0.0000    0.0000         1
         ast     0.0000    0.0000    0.0000         1
         avk     0.3333    0.1250    0.1818         8
         aze     0.0000    0.0000    0.0000         3
         bel     0.9412    0.8889    0.9143        18
         ben     0.7500    1.0000    0.8571         3
         ber     0.8707    0.7924    0.8297       289
         bos     0.0000    0.0000    0.0000         1
         bre     0.3846    0.5000    0.4348        10
         bul     0.8333    0.8696    0.8511        23
         cat     0.5000    0.3333    0.4000         9
         cbk     0.0000    0.0000    0.0000         4
         ceb     0.0000    0.0000    0.0000         4
         ces     0.6538    0.9189    0.7640        37
         chv     0.0000    0.0000    0.0000         2
         ckt     0.0000    0.0000    0.0000         1
         cmn     0.9518    0.9875    0.9693        80
         cor     0.3333    1.0000    0.5000         2
         csb     0.0000    0.0000    0.0000         2
         cym     0.0000    0.0000    0.0000         2
         dan     0.7719    0.8980    0.8302        49
         deu     0.9947    0.9965    0.9956       570
         dsb     0.0000    0.0000    0.0000         1
         dtp     0.0000    0.0000    0.0000         2
         ell     0.9714    1.0000    0.9855        34
         eng     0.9974    0.9987    0.9981      1550
         epo     0.9848    0.9930    0.9889       718
         est     0.0000    0.0000    0.0000         6
         eus     1.0000    0.2500    0.4000         8
         fao     0.0000    0.0000    0.0000         1
         fin     0.9235    0.9632    0.9429       163
         fkv     0.0000    0.0000    0.0000         1
         fra     0.9820    0.9899    0.9859       495
         fry     0.0000    0.0000    0.0000         1
         gcf     0.2000    0.2500    0.2222         4
         gla     0.0000    0.0000    0.0000         3
         gle     0.0000    0.0000    0.0000         5
         glg     0.0000    0.0000    0.0000         4
         gos     1.0000    0.2500    0.4000         4
         got     0.0000    0.0000    0.0000         1
         grc     1.0000    0.5000    0.6667         2
         grn     0.0000    0.0000    0.0000         1
         heb     1.0000    0.9910    0.9955       223
         hin     0.9231    1.0000    0.9600        24
         hrv     0.0000    0.0000    0.0000         5
         hun     0.9759    0.9848    0.9803       329
         hye     1.0000    1.0000    1.0000         2
         ido     0.3333    0.1111    0.1667         9
         ile     0.5000    0.1111    0.1818         9
         ilo     0.0000    0.0000    0.0000         2
         ina     0.6154    0.8276    0.7059        29
         ind     0.5455    0.9231    0.6857        13
         isl     0.8125    0.8125    0.8125        16
         ita     0.9871    0.9850    0.9861       933
         jbo     0.5938    0.9500    0.7308        20
         jpn     0.9962    0.9962    0.9962       262
         kab     0.6593    0.7895    0.7186       152
         kat     1.0000    1.0000    1.0000         4
         kaz     0.0000    0.0000    0.0000         2
         khm     1.0000    1.0000    1.0000         1
         kor     1.0000    0.9000    0.9474        10
         krl     0.0000    0.0000    0.0000         1
         kzj     0.0000    0.0000    0.0000         2
         lat     0.7600    0.7917    0.7755        48
         lfn     1.0000    0.2500    0.4000         8
         lit     0.8723    0.8723    0.8723        47
         ltz     0.0000    0.0000    0.0000         1
         lvs     0.0000    0.0000    0.0000         4
         lzh     0.0000    0.0000    0.0000         2
         mal     0.0000    0.0000    0.0000         0
         mar     1.0000    0.9688    0.9841        64
         mgm     0.0000    0.0000    0.0000         1
         mhr     0.8889    1.0000    0.9412         8
         mkd     0.9588    0.9490    0.9538        98
         mon     0.0000    0.0000    0.0000         1
         mri     0.0000    0.0000    0.0000         1
         mww     0.0000    0.0000    0.0000         1
         mya     1.0000    1.0000    1.0000         1
         nah     0.0000    0.0000    0.0000         1
         nds     0.9130    0.8750    0.8936        24
         nld     0.9197    0.9545    0.9368       132
         nob     0.6667    0.1538    0.2500        13
         nst     0.0000    0.0000    0.0000         1
         oci     0.6667    0.2857    0.4000         7
         ori     0.0000    0.0000    0.0000         1
         orv     0.0000    0.0000    0.0000         1
         oss     0.0000    0.0000    0.0000         1
         ota     1.0000    0.5000    0.6667         2
         pam     0.0000    0.0000    0.0000         5
         pes     0.9355    0.9355    0.9355        31
         pms     0.0000    0.0000    0.0000         1
         pol     0.9677    0.9836    0.9756       122
         por     0.9863    0.9774    0.9818       442
         prg     0.0000    0.0000    0.0000         2
         rom     0.0000    0.0000    0.0000         1
         ron     0.8065    0.9615    0.8772        26
         run     0.0000    0.0000    0.0000         4
         rus     0.9868    0.9956    0.9912       903
         sah     0.0000    0.0000    0.0000         1
         shy     0.0000    0.0000    0.0000         1
         slk     0.0000    0.0000    0.0000         6
         slv     0.0000    0.0000    0.0000         1
         spa     0.9423    0.9825    0.9620       399
         sqi     0.0000    0.0000    0.0000         3
         srp     0.7568    0.6829    0.7179        41
         swe     0.7500    0.9474    0.8372        38
         swh     0.0000    0.0000    0.0000         3
         tat     0.7692    1.0000    0.8696        20
         tel     0.0000    0.0000    0.0000         0
         tgl     0.6923    1.0000    0.8182        18
         tha     1.0000    1.0000    1.0000         2
         thv     0.0000    0.0000    0.0000         1
         tlh     0.8000    0.8571    0.8276        14
        toki     0.9592    0.9592    0.9592        49
         tpw     0.0000    0.0000    0.0000         1
         tuk     0.6667    0.4000    0.5000         5
         tur     0.9835    0.9989    0.9911       895
         uig     1.0000    1.0000    1.0000         8
         ukr     0.9671    0.9810    0.9740       210
         urd     0.6000    1.0000    0.7500         3
         uzb     0.0000    0.0000    0.0000         2
         vie     0.9231    1.0000    0.9600        12
         vol     0.0000    0.0000    0.0000         3
         war     0.0000    0.0000    0.0000         3
         wuu     0.7500    0.7500    0.7500         4
         xal     0.0000    0.0000    0.0000         1
         yid     0.6000    1.0000    0.7500         3
         yue     1.0000    1.0000    1.0000         4
         zlm     0.0000    0.0000    0.0000         1
         zsm     0.0000    0.0000    0.0000         4
         zza     0.0000    0.0000    0.0000         2

    accuracy                         0.9554     10000
   macro avg     0.4410    0.4319    0.4223     10000
weighted avg     0.9469    0.9554    0.9494     10000
