              precision    recall  f1-score   support

         afb     0.0000    0.0000    0.0000         1
         afr     1.0000    0.8571    0.9231         7
         ara     0.9636    0.9636    0.9636        55
         arg     0.0000    0.0000    0.0000         1
         arq     0.3333    1.0000    0.5000         1
         arz     0.0000    0.0000    0.0000         1
         asm     0.0000    0.0000    0.0000         1
         ast     0.0000    0.0000    0.0000         1
         avk     0.8750    0.8750    0.8750         8
         aze     1.0000    0.3333    0.5000         3
         bel     1.0000    1.0000    1.0000        18
         ben     0.7500    1.0000    0.8571         3
         ber     0.8768    0.8374    0.8566       289
         bos     0.0000    0.0000    0.0000         1
         bre     0.9091    1.0000    0.9524        10
         bul     0.8462    0.9565    0.8980        23
         cat     1.0000    0.7778    0.8750         9
         cbk     0.6667    0.5000    0.5714         4
         ceb     0.0000    0.0000    0.0000         4
         ces     0.9722    0.9459    0.9589        37
         chv     1.0000    1.0000    1.0000         2
         ckt     1.0000    1.0000    1.0000         1
         cmn     0.9877    1.0000    0.9938        80
         cor     1.0000    1.0000    1.0000         2
         csb     1.0000    1.0000    1.0000         2
         cym     1.0000    0.5000    0.6667         2
         dan     0.9216    0.9592    0.9400        49
         deu     0.9965    0.9982    0.9974       570
         dsb     1.0000    1.0000    1.0000         1
         dtp     0.5000    0.5000    0.5000         2
         ell     1.0000    1.0000    1.0000        34
         eng     0.9974    0.9981    0.9977      1550
         epo     0.9876    0.9986    0.9931       718
         est     0.6667    0.6667    0.6667         6
         eus     1.0000    0.7500    0.8571         8
         fao     0.0000    0.0000    0.0000         1
         fin     0.9699    0.9877    0.9787       163
         fkv     0.0000    0.0000    0.0000         1
         fra     0.9939    0.9939    0.9939       495
         fry     0.0000    0.0000    0.0000         1
         gcf     1.0000    1.0000    1.0000         4
         gla     1.0000    0.6667    0.8000         3
         gle     0.6667    0.8000    0.7273         5
         glg     0.2000    0.2500    0.2222         4
         gos     0.6667    0.5000    0.5714         4
         got     1.0000    1.0000    1.0000         1
         grc     1.0000    1.0000    1.0000         2
         grn     0.5000    1.0000    0.6667         1
         haw     0.0000    0.0000    0.0000         0
         heb     1.0000    0.9910    0.9955       223
         hin     0.9600    1.0000    0.9796        24
         hrv     0.0000    0.0000    0.0000         5
         hrx     0.0000    0.0000    0.0000         0
         hun     1.0000    0.9970    0.9985       329
         hye     1.0000    1.0000    1.0000         2
         ido     1.0000    0.3333    0.5000         9
         ile     0.8750    0.7778    0.8235         9
         ilo     1.0000    0.5000    0.6667         2
         ina     0.9643    0.9310    0.9474        29
         ind     0.6500    1.0000    0.7879        13
         isl     0.8750    0.8750    0.8750        16
         ita     0.9915    0.9946    0.9930       933
         jbo     1.0000    0.9500    0.9744        20
         jpn     1.0000    1.0000    1.0000       262
         kab     0.7169    0.7829    0.7484       152
         kat     1.0000    1.0000    1.0000         4
         kaz     1.0000    0.5000    0.6667         2
         khm     1.0000    1.0000    1.0000         1
         kor     1.0000    1.0000    1.0000        10
         krl     0.0000    0.0000    0.0000         1
         kzj     0.6667    1.0000    0.8000         2
         lat     0.9783    0.9375    0.9574        48
         lfn     0.7500    0.7500    0.7500         8
         lit     1.0000    0.9574    0.9783        47
         ltz     0.0000    0.0000    0.0000         1
         lvs     1.0000    1.0000    1.0000         4
         lzh     1.0000    0.5000    0.6667         2
         mar     1.0000    0.9844    0.9921        64
         mgm     0.0000    0.0000    0.0000         1
         mhr     1.0000    1.0000    1.0000         8
         mkd     0.9681    0.9286    0.9479        98
         mlt     0.0000    0.0000    0.0000         0
         mon     0.0000    0.0000    0.0000         1
         mri     1.0000    1.0000    1.0000         1
         mww     0.0000    0.0000    0.0000         1
         mya     1.0000    1.0000    1.0000         1
         nah     0.0000    0.0000    0.0000         1
         nds     0.8750    0.8750    0.8750        24
         nld     0.9701    0.9848    0.9774       132
         nob     1.0000    0.6923    0.8182        13
         nst     1.0000    1.0000    1.0000         1
         oci     0.8333    0.7143    0.7692         7
         ori     1.0000    1.0000    1.0000         1
         orv     1.0000    1.0000    1.0000         1
         oss     1.0000    1.0000    1.0000         1
         ota     0.3333    0.5000    0.4000         2
         pam     0.8333    1.0000    0.9091         5
         pes     0.9688    1.0000    0.9841        31
         pms     1.0000    1.0000    1.0000         1
         pol     0.9919    1.0000    0.9959       122
         por     0.9932    0.9910    0.9921       442
         prg     1.0000    1.0000    1.0000         2
         rom     1.0000    1.0000    1.0000         1
         ron     1.0000    1.0000    1.0000        26
         run     0.6667    1.0000    0.8000         4
         rus     0.9945    0.9978    0.9961       903
         sah     0.5000    1.0000    0.6667         1
         shy     0.0000    0.0000    0.0000         1
         slk     0.5556    0.8333    0.6667         6
         slv     0.0000    0.0000    0.0000         1
         spa     0.9778    0.9950    0.9863       399
         sqi     1.0000    0.3333    0.5000         3
         srp     0.8085    0.9268    0.8636        41
         swe     0.9268    1.0000    0.9620        38
         swg     0.0000    0.0000    0.0000         0
         swh     0.0000    0.0000    0.0000         3
         tat     0.9524    1.0000    0.9756        20
         tgl     0.8421    0.8889    0.8649        18
         tha     1.0000    1.0000    1.0000         2
         thv     0.0000    0.0000    0.0000         1
         tlh     0.8750    1.0000    0.9333        14
        toki     1.0000    1.0000    1.0000        49
         tpw     0.0000    0.0000    0.0000         1
         tuk     0.8000    0.8000    0.8000         5
         tur     0.9955    0.9966    0.9961       895
         uig     1.0000    1.0000    1.0000         8
         ukr     0.9858    0.9905    0.9881       210
         urd     1.0000    1.0000    1.0000         3
         uzb     0.0000    0.0000    0.0000         2
         vie     1.0000    1.0000    1.0000        12
         vol     1.0000    1.0000    1.0000         3
         war     1.0000    0.6667    0.8000         3
         wuu     1.0000    1.0000    1.0000         4
         xal     0.5000    1.0000    0.6667         1
         yid     0.6000    1.0000    0.7500         3
         yue     1.0000    1.0000    1.0000         4
         zlm     0.0000    0.0000    0.0000         1
         zsm     0.0000    0.0000    0.0000         4
         zza     1.0000    1.0000    1.0000         2

    accuracy                         0.9770     10000
   macro avg     0.7153    0.7086    0.6999     10000
weighted avg     0.9751    0.9770    0.9754     10000
