              precision    recall  f1-score   support

         sjn       0.00      0.00      0.00         0
         tet       0.00      0.00      0.00         0
         wln       0.00      0.00      0.00         0
         ary       0.00      0.00      0.00         0
         pag       0.00      0.00      0.00         0
         mlg       0.00      0.00      0.00         0
         dws       0.00      0.00      0.00         0
         pdc       0.00      0.00      0.00         0
         ppl       0.00      0.00      0.00         0
         mgm       0.00      0.00      0.00         0
         hat       0.00      0.00      0.00         1
         rif       0.00      0.00      0.00         0
         hau       0.00      0.00      0.00         0
         tgk       0.00      0.00      0.00         0
         tly       0.00      0.00      0.00         0
         ext       0.00      0.00      0.00         0
         sme       0.00      0.00      0.00         0
         pap       0.00      0.00      0.00         0
         udm       0.00      0.00      0.00         0
         moh       0.00      0.00      0.00         0
         kal       0.00      0.00      0.00         0
         smo       0.00      0.00      0.00         0
         bvy       0.00      0.00      0.00         0
         afh       0.00      0.00      0.00         0
         ksh       0.00      0.00      0.00         0
         mww       0.00      0.00      0.00         0
         mrj       0.00      0.00      0.00         0
         nav       0.00      0.00      0.00         0
         cmo       0.00      0.00      0.00         0
         lld       0.00      0.00      0.00         0
         tpi       0.00      0.00      0.00         0
         shs       0.00      0.00      0.00         0
         zlm       0.00      0.00      0.00         0
         cho       0.00      0.00      0.00         0
         arg       0.00      0.00      0.00         0
         tir       0.00      0.00      0.00         0
         kum       1.00      1.00      1.00         1
         nog       0.00      0.00      0.00         0
         rue       0.00      0.00      0.00         1
         ldn       0.00      0.00      0.00         0
         afb       0.00      0.00      0.00         0
         min       0.00      0.00      0.00         0
         npi       0.00      0.00      0.00         0
         qya       1.00      1.00      1.00         1
         ltz       1.00      1.00      1.00         1
         pcd       0.00      0.00      0.00         1
         krl       0.00      0.00      0.00         0
         san       0.00      0.00      0.00         0
         ang       0.00      0.00      0.00         0
         egl       0.00      0.00      0.00         0
         bar       0.00      0.00      0.00         1
         haw       0.00      0.00      0.00         0
         sux       0.00      0.00      0.00         0
         xho       0.00      0.00      0.00         0
         kan       0.00      0.00      0.00         0
         guj       1.00      1.00      1.00         1
         asm       0.00      0.00      0.00         0
         ast       0.00      0.00      0.00         0
         bak       0.00      0.00      0.00         0
         amh       0.00      0.00      0.00         0
         pan       0.00      0.00      0.00         0
         tzl       0.00      0.00      0.00         0
         fkv       0.00      0.00      0.00         0
         nah       1.00      1.00      1.00         1
         mlt       0.00      0.00      0.00         0
         gsw       0.00      0.00      0.00         0
         kir       0.00      0.00      0.00         0
         oss       1.00      1.00      1.00         1
         shy       0.00      0.00      0.00         0
         tel       1.00      1.00      1.00         1
         lij       0.00      0.00      0.00         0
         awa       0.00      0.00      0.00         0
         got       0.00      0.00      0.00         0
         fry       0.50      1.00      0.67         1
         jav       1.00      1.00      1.00         1
         crh       0.00      0.00      0.00         0
         nov       0.00      0.00      0.00         0
         tam       1.00      1.00      1.00         1
         cha       0.00      0.00      0.00         0
         ori       0.00      0.00      0.00         0
         mri       0.00      0.00      0.00         0
         fao       0.00      0.00      0.00         0
         que       1.00      1.00      1.00         1
         lad       0.00      0.00      0.00         2
         max       0.00      0.00      0.00         1
         mya       1.00      1.00      1.00         1
         swh       0.00      0.00      0.00         0
         ckt       0.00      0.00      0.00         0
         bos       0.00      0.00      0.00         2
         tpw       0.00      0.00      0.00         0
         mon       0.00      0.00      0.00         0
         thv       0.00      0.00      0.00         0
         arz       0.00      0.00      0.00         0
         hoc       0.00      0.00      0.00         0
         uzb       0.00      0.00      0.00         0
         grc       1.00      1.00      1.00         3
         dsb       0.00      0.00      0.00         0
         hsb       1.00      1.00      1.00         2
         rom       1.00      1.00      1.00         1
         nst       1.00      1.00      1.00         1
         bua       1.00      1.00      1.00         1
         hrx       0.00      0.00      0.00         0
         zza       0.00      0.00      0.00         0
         pms       0.00      0.00      0.00         0
         mal       1.00      1.00      1.00         1
         prg       1.00      0.50      0.67         2
         xal       1.00      1.00      1.00         1
         csb       0.00      0.00      0.00         1
         kur       0.00      0.00      0.00         0
         sah       0.00      0.00      0.00         0
         gla       0.00      0.00      0.00         1
         cym       1.00      1.00      1.00         1
         slv       1.00      1.00      1.00         3
         grn       1.00      1.00      1.00         2
         tha       0.00      0.00      0.00         0
         sqi       1.00      1.00      1.00         1
         kat       1.00      1.00      1.00         4
         orv       0.00      0.00      0.00         0
         swg       0.00      0.00      0.00         0
         kha       0.00      0.00      0.00         0
         ota       1.00      1.00      1.00         3
         ceb       1.00      1.00      1.00         1
         nno       0.00      0.00      0.00         3
         pam       0.60      1.00      0.75         3
         khm       1.00      1.00      1.00         2
         chv       1.00      1.00      1.00         2
         lzh       1.00      1.00      1.00         2
         yid       1.00      1.00      1.00         1
         lvs       1.00      1.00      1.00         1
         urd       1.00      1.00      1.00         3
         war       1.00      0.67      0.80         3
         kzj       1.00      1.00      1.00         4
         gcf       0.83      1.00      0.91         5
         hye       1.00      1.00      1.00         6
         arq       1.00      0.50      0.67         2
         gle       0.80      1.00      0.89         4
         ilo       1.00      1.00      1.00         1
         dtp       1.00      1.00      1.00         4
         zsm       1.00      0.40      0.57         5
         cbk       1.00      1.00      1.00         3
         kaz       1.00      1.00      1.00         3
         est       0.50      1.00      0.67         1
         vol       1.00      1.00      1.00         2
         run       1.00      1.00      1.00         2
         gos       1.00      0.33      0.50         3
         avk       0.75      1.00      0.86         3
         cor       1.00      1.00      1.00         2
         afr       1.00      0.80      0.89         5
         slk       0.67      1.00      0.80         4
         mhr       1.00      1.00      1.00         4
         wuu       1.00      1.00      1.00         6
         glg       0.75      1.00      0.86         3
         ben       1.00      1.00      1.00         6
         aze       1.00      1.00      1.00        10
         ido       1.00      1.00      1.00         5
         hrv       0.67      0.40      0.50         5
         oci       1.00      1.00      1.00         6
         yue       1.00      0.90      0.95        10
         cat       0.92      0.92      0.92        12
         eus       1.00      1.00      1.00         4
         kor       1.00      1.00      1.00         7
         ile       0.67      1.00      0.80         4
         tuk       1.00      0.91      0.95        11
         bre       0.88      0.94      0.91        16
         uig       1.00      1.00      1.00         9
         lfn       0.82      1.00      0.90         9
         vie       1.00      0.94      0.97        17
         isl       0.92      1.00      0.96        12
         hin       0.96      1.00      0.98        23
         bel       1.00      0.95      0.97        19
         ind       0.80      1.00      0.89        12
         tgl       1.00      0.93      0.96        14
         tat       1.00      0.90      0.95        21
         nob       0.81      0.76      0.79        17
         jbo       1.00      1.00      1.00        19
         tlh       0.95      1.00      0.98        20
         nds       0.93      1.00      0.96        26
         ron       1.00      1.00      1.00        26
         pes       0.96      1.00      0.98        26
         bul       0.97      1.00      0.98        30
         ina       1.00      0.94      0.97        32
         srp       0.89      0.94      0.92        35
         ell       1.00      1.00      1.00        44
         lat       1.00      0.93      0.96        42
         ara       1.00      1.00      1.00        50
         swe       1.00      1.00      1.00        38
        toki       1.00      1.00      1.00        41
         ces       0.98      1.00      0.99        41
         lit       1.00      1.00      1.00        51
         dan       0.97      0.97      0.97        63
         mar       1.00      0.99      0.99        73
         cmn       0.98      1.00      0.99        60
         mkd       1.00      1.00      1.00        84
         pol       0.98      1.00      0.99       121
         nld       0.98      0.98      0.98       120
         fin       0.99      0.99      0.99       139
         kab       0.86      0.84      0.85       154
         ukr       0.98      1.00      0.99       193
         jpn       1.00      1.00      1.00       246
         heb       1.00      1.00      1.00       216
         ber       0.91      0.92      0.92       278
         hun       1.00      1.00      1.00       347
         spa       0.99      0.99      0.99       381
         por       1.00      1.00      1.00       461
         fra       1.00      1.00      1.00       534
         deu       1.00      1.00      1.00       601
         epo       1.00      1.00      1.00       750
         tur       1.00      1.00      1.00       893
         rus       1.00      0.99      1.00       899
         ita       1.00      1.00      1.00       897
         eng       1.00      1.00      1.00      1577

   micro avg       0.99      0.99      0.99      9999
   macro avg       0.52      0.52      0.52      9999
weighted avg       0.99      0.99      0.99      9999
