              precision    recall  f1-score   support

         sjn       0.00      0.00      0.00         0
         tet       0.00      0.00      0.00         0
         wln       0.00      0.00      0.00         0
         ary       0.00      0.00      0.00         0
         pag       0.00      0.00      0.00         0
         mlg       0.00      0.00      0.00         0
         dws       0.00      0.00      0.00         0
         pdc       0.00      0.00      0.00         0
         ppl       0.00      0.00      0.00         0
         mgm       0.00      0.00      0.00         1
         hat       0.00      0.00      0.00         0
         rif       0.00      0.00      0.00         0
         hau       0.00      0.00      0.00         0
         tgk       0.00      0.00      0.00         0
         tly       0.00      0.00      0.00         0
         ext       0.00      0.00      0.00         0
         sme       0.00      0.00      0.00         0
         pap       0.00      0.00      0.00         0
         udm       0.00      0.00      0.00         0
         moh       0.00      0.00      0.00         0
         kal       0.00      0.00      0.00         0
         smo       0.00      0.00      0.00         0
         bvy       0.00      0.00      0.00         0
         afh       0.00      0.00      0.00         0
         ksh       0.00      0.00      0.00         0
         mww       0.00      0.00      0.00         1
         mrj       0.00      0.00      0.00         0
         nav       0.00      0.00      0.00         0
         cmo       0.00      0.00      0.00         0
         lld       0.00      0.00      0.00         0
         tpi       0.00      0.00      0.00         0
         shs       0.00      0.00      0.00         0
         zlm       0.00      0.00      0.00         1
         cho       0.00      0.00      0.00         0
         arg       0.00      0.00      0.00         1
         tir       0.00      0.00      0.00         0
         kum       0.00      0.00      0.00         0
         nog       0.00      0.00      0.00         0
         rue       0.00      0.00      0.00         0
         ldn       0.00      0.00      0.00         0
         afb       0.00      0.00      0.00         1
         min       0.00      0.00      0.00         0
         npi       0.00      0.00      0.00         0
         qya       0.00      0.00      0.00         0
         ltz       1.00      1.00      1.00         1
         pcd       0.00      0.00      0.00         0
         krl       1.00      1.00      1.00         1
         san       0.00      0.00      0.00         0
         ang       0.00      0.00      0.00         0
         egl       0.00      0.00      0.00         0
         bar       0.00      0.00      0.00         0
         haw       0.00      0.00      0.00         0
         sux       0.00      0.00      0.00         0
         xho       0.00      0.00      0.00         0
         kan       0.00      0.00      0.00         0
         guj       0.00      0.00      0.00         0
         asm       1.00      1.00      1.00         1
         ast       0.00      0.00      0.00         1
         bak       0.00      0.00      0.00         0
         amh       0.00      0.00      0.00         0
         pan       0.00      0.00      0.00         0
         tzl       0.00      0.00      0.00         0
         fkv       0.00      0.00      0.00         1
         nah       0.00      0.00      0.00         1
         mlt       0.00      0.00      0.00         0
         gsw       0.00      0.00      0.00         0
         kir       0.00      0.00      0.00         0
         oss       1.00      1.00      1.00         1
         shy       0.00      0.00      0.00         1
         tel       0.00      0.00      0.00         0
         lij       0.00      0.00      0.00         0
         awa       0.00      0.00      0.00         0
         got       1.00      1.00      1.00         1
         fry       0.00      0.00      0.00         1
         jav       0.00      0.00      0.00         0
         crh       0.00      0.00      0.00         0
         nov       0.00      0.00      0.00         0
         tam       0.00      0.00      0.00         0
         cha       0.00      0.00      0.00         0
         ori       1.00      1.00      1.00         1
         mri       1.00      1.00      1.00         1
         fao       1.00      1.00      1.00         1
         que       0.00      0.00      0.00         0
         lad       0.00      0.00      0.00         0
         max       0.00      0.00      0.00         0
         mya       1.00      1.00      1.00         1
         swh       0.00      0.00      0.00         3
         ckt       1.00      1.00      1.00         1
         bos       0.00      0.00      0.00         1
         tpw       1.00      1.00      1.00         1
         mon       1.00      1.00      1.00         1
         thv       1.00      1.00      1.00         1
         arz       0.00      0.00      0.00         1
         hoc       0.00      0.00      0.00         0
         uzb       0.00      0.00      0.00         2
         grc       1.00      1.00      1.00         2
         dsb       1.00      1.00      1.00         1
         hsb       0.00      0.00      0.00         0
         rom       0.33      1.00      0.50         1
         nst       1.00      1.00      1.00         1
         bua       0.00      0.00      0.00         0
         hrx       0.00      0.00      0.00         0
         zza       1.00      1.00      1.00         2
         pms       1.00      1.00      1.00         1
         mal       0.00      0.00      0.00         0
         prg       1.00      1.00      1.00         2
         xal       1.00      1.00      1.00         1
         csb       1.00      1.00      1.00         2
         kur       0.00      0.00      0.00         0
         sah       1.00      1.00      1.00         1
         gla       1.00      0.67      0.80         3
         cym       1.00      1.00      1.00         2
         slv       0.00      0.00      0.00         1
         grn       1.00      1.00      1.00         1
         tha       1.00      1.00      1.00         2
         sqi       1.00      0.33      0.50         3
         kat       1.00      1.00      1.00         4
         orv       1.00      1.00      1.00         1
         swg       0.00      0.00      0.00         0
         kha       0.00      0.00      0.00         0
         ota       0.67      1.00      0.80         2
         ceb       1.00      0.25      0.40         4
         nno       0.00      0.00      0.00         0
         pam       1.00      1.00      1.00         5
         khm       1.00      1.00      1.00         1
         chv       1.00      1.00      1.00         2
         lzh       1.00      1.00      1.00         2
         yid       1.00      1.00      1.00         3
         lvs       0.80      1.00      0.89         4
         urd       1.00      1.00      1.00         3
         war       1.00      1.00      1.00         3
         kzj       1.00      1.00      1.00         2
         gcf       1.00      1.00      1.00         4
         hye       1.00      1.00      1.00         2
         arq       0.33      1.00      0.50         1
         gle       1.00      1.00      1.00         5
         ilo       1.00      0.50      0.67         2
         dtp       0.67      1.00      0.80         2
         zsm       0.00      0.00      0.00         4
         cbk       0.50      0.50      0.50         4
         kaz       0.67      1.00      0.80         2
         est       1.00      0.67      0.80         6
         vol       1.00      1.00      1.00         3
         run       0.80      1.00      0.89         4
         gos       0.67      0.50      0.57         4
         avk       0.88      0.88      0.88         8
         cor       1.00      1.00      1.00         2
         afr       1.00      1.00      1.00         7
         slk       1.00      0.67      0.80         6
         mhr       0.89      1.00      0.94         8
         wuu       0.80      1.00      0.89         4
         glg       0.75      0.75      0.75         4
         ben       1.00      1.00      1.00         3
         aze       0.60      1.00      0.75         3
         ido       0.78      0.78      0.78         9
         hrv       0.25      0.20      0.22         5
         oci       1.00      1.00      1.00         7
         yue       1.00      1.00      1.00         4
         cat       1.00      0.78      0.88         9
         eus       1.00      0.88      0.93         8
         kor       1.00      1.00      1.00        10
         ile       1.00      0.78      0.88         9
         tuk       1.00      1.00      1.00         5
         bre       0.91      1.00      0.95        10
         uig       1.00      1.00      1.00         8
         lfn       1.00      0.88      0.93         8
         vie       1.00      1.00      1.00        12
         isl       0.94      0.94      0.94        16
         hin       1.00      1.00      1.00        24
         bel       1.00      0.94      0.97        18
         ind       0.72      1.00      0.84        13
         tgl       0.86      1.00      0.92        18
         tat       1.00      1.00      1.00        20
         nob       0.86      0.92      0.89        13
         jbo       1.00      1.00      1.00        20
         tlh       1.00      1.00      1.00        14
         nds       1.00      0.92      0.96        24
         ron       1.00      1.00      1.00        26
         pes       1.00      0.97      0.98        31
         bul       0.96      1.00      0.98        23
         ina       0.97      0.97      0.97        29
         srp       0.86      0.90      0.88        41
         ell       1.00      1.00      1.00        34
         lat       1.00      0.94      0.97        48
         ara       0.96      0.95      0.95        55
         swe       1.00      0.97      0.99        38
        toki       1.00      1.00      1.00        49
         ces       0.93      1.00      0.96        37
         lit       1.00      0.98      0.99        47
         dan       0.94      0.98      0.96        49
         mar       1.00      0.98      0.99        64
         cmn       1.00      0.99      0.99        80
         mkd       0.99      0.99      0.99        98
         pol       1.00      0.99      1.00       122
         nld       0.98      0.98      0.98       132
         fin       0.98      1.00      0.99       163
         kab       0.83      0.81      0.82       152
         ukr       0.98      1.00      0.99       210
         jpn       1.00      1.00      1.00       262
         heb       1.00      1.00      1.00       223
         ber       0.89      0.90      0.90       289
         hun       0.99      1.00      1.00       329
         spa       0.98      0.98      0.98       399
         por       0.99      1.00      0.99       442
         fra       0.99      1.00      0.99       495
         deu       1.00      1.00      1.00       570
         epo       1.00      1.00      1.00       718
         tur       1.00      1.00      1.00       895
         rus       1.00      1.00      1.00       903
         ita       0.99      1.00      0.99       933
         eng       1.00      1.00      1.00      1550

   micro avg       0.98      0.98      0.98     10000
   macro avg       0.53      0.53      0.52     10000
weighted avg       0.98      0.98      0.98     10000
