              precision    recall  f1-score   support

         afb     0.0000    0.0000    0.0000         1
         afr     1.0000    1.0000    1.0000         7
         ara     0.9630    0.9455    0.9541        55
         arg     0.0000    0.0000    0.0000         1
         arq     0.2500    1.0000    0.4000         1
         arz     0.0000    0.0000    0.0000         1
         asm     0.0000    0.0000    0.0000         1
         ast     0.0000    0.0000    0.0000         1
         avk     0.8889    1.0000    0.9412         8
         aze     0.6667    0.6667    0.6667         3
         bel     0.9474    1.0000    0.9730        18
         ben     0.7500    1.0000    0.8571         3
         ber     0.9094    0.8685    0.8885       289
         bos     0.0000    0.0000    0.0000         1
         bre     1.0000    1.0000    1.0000        10
         bul     0.9565    0.9565    0.9565        23
         cat     0.8750    0.7778    0.8235         9
         cbk     0.6667    0.5000    0.5714         4
         ceb     0.0000    0.0000    0.0000         4
         ces     0.9706    0.8919    0.9296        37
         chv     1.0000    1.0000    1.0000         2
         ckt     1.0000    1.0000    1.0000         1
         cmn     0.9877    1.0000    0.9938        80
         cor     1.0000    1.0000    1.0000         2
         csb     1.0000    1.0000    1.0000         2
         cym     1.0000    1.0000    1.0000         2
         dan     0.9200    0.9388    0.9293        49
         deu     0.9982    0.9982    0.9982       570
         dsb     0.0000    0.0000    0.0000         1
         dtp     0.6667    1.0000    0.8000         2
         ell     1.0000    1.0000    1.0000        34
         eng     0.9994    0.9987    0.9990      1550
         epo     0.9931    0.9972    0.9951       718
         est     0.6667    0.6667    0.6667         6
         eus     1.0000    0.8750    0.9333         8
         fao     0.0000    0.0000    0.0000         1
         fin     0.9759    0.9939    0.9848       163
         fkv     0.0000    0.0000    0.0000         1
         fra     0.9960    0.9960    0.9960       495
         fry     0.0000    0.0000    0.0000         1
         gcf     1.0000    1.0000    1.0000         4
         gla     1.0000    0.6667    0.8000         3
         gle     0.8000    0.8000    0.8000         5
         glg     0.7500    0.7500    0.7500         4
         gos     0.6667    0.5000    0.5714         4
         got     1.0000    1.0000    1.0000         1
         grc     1.0000    1.0000    1.0000         2
         grn     1.0000    1.0000    1.0000         1
         heb     1.0000    1.0000    1.0000       223
         hin     1.0000    1.0000    1.0000        24
         hrv     0.2143    0.6000    0.3158         5
         hsb     0.0000    0.0000    0.0000         0
         hun     1.0000    1.0000    1.0000       329
         hye     1.0000    1.0000    1.0000         2
         ido     0.8333    0.5556    0.6667         9
         ile     0.8889    0.8889    0.8889         9
         ilo     0.5000    0.5000    0.5000         2
         ina     0.9655    0.9655    0.9655        29
         ind     0.8000    0.9231    0.8571        13
         isl     0.8750    0.8750    0.8750        16
         ita     0.9957    0.9936    0.9946       933
         jbo     1.0000    0.9500    0.9744        20
         jpn     1.0000    1.0000    1.0000       262
         kab     0.7725    0.8487    0.8088       152
         kat     1.0000    1.0000    1.0000         4
         kaz     0.6667    1.0000    0.8000         2
         khm     1.0000    1.0000    1.0000         1
         kor     1.0000    1.0000    1.0000        10
         krl     0.0000    0.0000    0.0000         1
         kzj     1.0000    1.0000    1.0000         2
         lat     0.9574    0.9375    0.9474        48
         lfn     1.0000    0.6250    0.7692         8
         lit     0.9783    0.9574    0.9677        47
         ltz     0.5000    1.0000    0.6667         1
         lvs     1.0000    1.0000    1.0000         4
         lzh     1.0000    0.5000    0.6667         2
         mar     1.0000    1.0000    1.0000        64
         mgm     0.0000    0.0000    0.0000         1
         mhr     1.0000    1.0000    1.0000         8
         mkd     0.9320    0.9796    0.9552        98
         mon     1.0000    1.0000    1.0000         1
         mri     1.0000    1.0000    1.0000         1
         mww     0.0000    0.0000    0.0000         1
         mya     1.0000    1.0000    1.0000         1
         nah     0.0000    0.0000    0.0000         1
         nds     0.8846    0.9583    0.9200        24
         nld     0.9848    0.9848    0.9848       132
         nob     1.0000    0.7692    0.8696        13
         nov     0.0000    0.0000    0.0000         0
         nst     1.0000    1.0000    1.0000         1
         oci     1.0000    1.0000    1.0000         7
         ori     1.0000    1.0000    1.0000         1
         orv     1.0000    1.0000    1.0000         1
         oss     1.0000    1.0000    1.0000         1
         ota     1.0000    0.5000    0.6667         2
         pam     1.0000    1.0000    1.0000         5
         pes     0.9688    1.0000    0.9841        31
         pms     1.0000    1.0000    1.0000         1
         pol     0.9760    1.0000    0.9879       122
         por     0.9910    0.9977    0.9944       442
         prg     0.6667    1.0000    0.8000         2
         rom     0.3333    1.0000    0.5000         1
         ron     1.0000    1.0000    1.0000        26
         run     1.0000    1.0000    1.0000         4
         rus     0.9978    0.9922    0.9950       903
         sah     0.5000    1.0000    0.6667         1
         shy     0.0000    0.0000    0.0000         1
         slk     0.6250    0.8333    0.7143         6
         slv     0.0000    0.0000    0.0000         1
         spa     0.9777    0.9875    0.9825       399
         sqi     1.0000    0.6667    0.8000         3
         srp     0.9310    0.6585    0.7714        41
         swe     0.9250    0.9737    0.9487        38
         swh     0.7500    1.0000    0.8571         3
         tat     1.0000    0.9500    0.9744        20
         tgl     0.9000    1.0000    0.9474        18
         tha     1.0000    1.0000    1.0000         2
         thv     0.0000    0.0000    0.0000         1
         tlh     0.8667    0.9286    0.8966        14
        toki     1.0000    1.0000    1.0000        49
         tpw     1.0000    1.0000    1.0000         1
         tuk     0.8000    0.8000    0.8000         5
         tur     0.9967    0.9978    0.9972       895
         uig     1.0000    1.0000    1.0000         8
         ukr     0.9674    0.9905    0.9788       210
         urd     1.0000    1.0000    1.0000         3
         uzb     1.0000    0.5000    0.6667         2
         vie     1.0000    1.0000    1.0000        12
         vol     1.0000    1.0000    1.0000         3
         war     0.7500    1.0000    0.8571         3
         wuu     1.0000    1.0000    1.0000         4
         xal     1.0000    1.0000    1.0000         1
         yid     1.0000    1.0000    1.0000         3
         yue     1.0000    1.0000    1.0000         4
         zlm     0.0000    0.0000    0.0000         1
         zsm     0.6667    0.5000    0.5714         4
         zza     1.0000    1.0000    1.0000         2

    accuracy                         0.9808     10000
   macro avg     0.7708    0.7801    0.7659     10000
weighted avg     0.9804    0.9808    0.9801     10000
