              precision    recall  f1-score   support

         afb     0.0000    0.0000    0.0000         1
         afr     0.8571    0.8571    0.8571         7
         ara     0.9630    0.9455    0.9541        55
         arg     0.0000    0.0000    0.0000         1
         arq     0.2500    1.0000    0.4000         1
         arz     0.0000    0.0000    0.0000         1
         asm     0.0000    0.0000    0.0000         1
         ast     0.0000    0.0000    0.0000         1
         avk     1.0000    0.7500    0.8571         8
         aze     0.7500    1.0000    0.8571         3
         bel     0.9444    0.9444    0.9444        18
         ben     0.7500    1.0000    0.8571         3
         ber     0.9053    0.7612    0.8271       289
         bos     0.0000    0.0000    0.0000         1
         bre     0.8000    0.8000    0.8000        10
         bua     0.0000    0.0000    0.0000         0
         bul     0.8750    0.9130    0.8936        23
         cat     0.5000    0.1111    0.1818         9
         cbk     0.5000    0.2500    0.3333         4
         ceb     0.0000    0.0000    0.0000         4
         ces     0.7660    0.9730    0.8571        37
         chv     1.0000    1.0000    1.0000         2
         ckt     1.0000    1.0000    1.0000         1
         cmn     0.9872    0.9625    0.9747        80
         cor     0.6667    1.0000    0.8000         2
         csb     0.0000    0.0000    0.0000         2
         cym     1.0000    0.5000    0.6667         2
         dan     0.8070    0.9388    0.8679        49
         deu     0.9965    0.9982    0.9974       570
         dsb     0.0000    0.0000    0.0000         1
         dtp     1.0000    0.5000    0.6667         2
         ell     1.0000    1.0000    1.0000        34
         eng     0.9961    0.9987    0.9974      1550
         epo     0.9862    0.9972    0.9917       718
         est     1.0000    0.5000    0.6667         6
         eus     0.7273    1.0000    0.8421         8
         fao     0.0000    0.0000    0.0000         1
         fin     0.9695    0.9755    0.9725       163
         fkv     0.0000    0.0000    0.0000         1
         fra     0.9820    0.9939    0.9880       495
         fry     0.0000    0.0000    0.0000         1
         gcf     1.0000    1.0000    1.0000         4
         gla     0.6667    0.6667    0.6667         3
         gle     1.0000    0.4000    0.5714         5
         glg     0.0000    0.0000    0.0000         4
         gos     1.0000    0.2500    0.4000         4
         got     1.0000    1.0000    1.0000         1
         grc     1.0000    1.0000    1.0000         2
         grn     0.0000    0.0000    0.0000         1
         heb     1.0000    0.9955    0.9978       223
         hin     0.9600    1.0000    0.9796        24
         hrv     0.2500    0.4000    0.3077         5
         hsb     0.0000    0.0000    0.0000         0
         hun     0.9849    0.9909    0.9879       329
         hye     1.0000    1.0000    1.0000         2
         ido     0.5000    0.3333    0.4000         9
         ile     0.7500    0.6667    0.7059         9
         ilo     0.0000    0.0000    0.0000         2
         ina     0.8387    0.8966    0.8667        29
         ind     0.6500    1.0000    0.7879        13
         isl     0.7368    0.8750    0.8000        16
         ita     0.9925    0.9871    0.9898       933
         jbo     0.8636    0.9500    0.9048        20
         jpn     1.0000    1.0000    1.0000       262
         kab     0.6583    0.8618    0.7464       152
         kat     1.0000    1.0000    1.0000         4
         kaz     1.0000    1.0000    1.0000         2
         khm     1.0000    1.0000    1.0000         1
         kor     1.0000    1.0000    1.0000        10
         krl     0.0000    0.0000    0.0000         1
         kur     0.0000    0.0000    0.0000         0
         kzj     0.6667    1.0000    0.8000         2
         lat     0.9348    0.8958    0.9149        48
         lfn     0.8571    0.7500    0.8000         8
         lit     0.9565    0.9362    0.9462        47
         ltz     0.0000    0.0000    0.0000         1
         lvs     0.5000    0.2500    0.3333         4
         lzh     1.0000    0.5000    0.6667         2
         mar     1.0000    0.9844    0.9921        64
         mgm     0.0000    0.0000    0.0000         1
         mhr     0.8889    1.0000    0.9412         8
         mkd     0.9490    0.9490    0.9490        98
         mon     0.0000    0.0000    0.0000         1
         mri     1.0000    1.0000    1.0000         1
         mww     0.0000    0.0000    0.0000         1
         mya     1.0000    1.0000    1.0000         1
         nah     0.0000    0.0000    0.0000         1
         nds     0.9583    0.9583    0.9583        24
         nld     0.9627    0.9773    0.9699       132
         nob     1.0000    0.4615    0.6316        13
         nst     1.0000    1.0000    1.0000         1
         oci     0.6250    0.7143    0.6667         7
         ori     1.0000    1.0000    1.0000         1
         orv     1.0000    1.0000    1.0000         1
         oss     0.0000    0.0000    0.0000         1
         ota     1.0000    0.5000    0.6667         2
         pam     0.7500    0.6000    0.6667         5
         pes     0.9688    1.0000    0.9841        31
         pms     1.0000    1.0000    1.0000         1
         pol     1.0000    0.9754    0.9876       122
         por     0.9799    0.9910    0.9854       442
         prg     1.0000    0.5000    0.6667         2
         rom     0.0000    0.0000    0.0000         1
         ron     0.9286    1.0000    0.9630        26
         run     0.8000    1.0000    0.8889         4
         rus     0.9945    0.9978    0.9961       903
         sah     0.0000    0.0000    0.0000         1
         shy     0.0000    0.0000    0.0000         1
         slk     0.0000    0.0000    0.0000         6
         slv     0.0000    0.0000    0.0000         1
         spa     0.9631    0.9825    0.9727       399
         sqi     0.5000    0.3333    0.4000         3
         srp     0.8611    0.7561    0.8052        41
         swe     0.9231    0.9474    0.9351        38
         swh     0.0000    0.0000    0.0000         3
         tat     0.9091    1.0000    0.9524        20
         tgl     0.8571    1.0000    0.9231        18
         tha     1.0000    1.0000    1.0000         2
         thv     0.0000    0.0000    0.0000         1
         tlh     0.9286    0.9286    0.9286        14
        toki     1.0000    0.9592    0.9792        49
         tpw     0.0000    0.0000    0.0000         1
         tuk     1.0000    0.8000    0.8889         5
         tur     0.9933    0.9989    0.9961       895
         uig     1.0000    1.0000    1.0000         8
         ukr     0.9810    0.9810    0.9810       210
         urd     1.0000    1.0000    1.0000         3
         uzb     0.0000    0.0000    0.0000         2
         vie     1.0000    1.0000    1.0000        12
         vol     0.6000    1.0000    0.7500         3
         war     0.6667    0.6667    0.6667         3
         wuu     0.6667    1.0000    0.8000         4
         xal     1.0000    1.0000    1.0000         1
         yid     0.7500    1.0000    0.8571         3
         yue     0.8000    1.0000    0.8889         4
         zlm     0.0000    0.0000    0.0000         1
         zsm     0.0000    0.0000    0.0000         4
         zza     0.0000    0.0000    0.0000         2

    accuracy                         0.9692     10000
   macro avg     0.6446    0.6322    0.6251     10000
weighted avg     0.9667    0.9692    0.9667     10000
