              precision    recall  f1-score   support

         afb     0.0000    0.0000    0.0000         1
         afr     1.0000    1.0000    1.0000         7
         ara     0.9649    1.0000    0.9821        55
         arg     0.0000    0.0000    0.0000         1
         arq     1.0000    1.0000    1.0000         1
         arz     0.0000    0.0000    0.0000         1
         asm     1.0000    1.0000    1.0000         1
         ast     0.0000    0.0000    0.0000         1
         avk     0.7778    0.8750    0.8235         8
         aze     1.0000    0.6667    0.8000         3
         bel     0.9474    1.0000    0.9730        18
         ben     1.0000    1.0000    1.0000         3
         ber     0.9257    0.8616    0.8925       289
         bos     0.0000    0.0000    0.0000         1
         bre     0.8333    1.0000    0.9091        10
         bul     0.9200    1.0000    0.9583        23
         cat     1.0000    0.8889    0.9412         9
         cbk     1.0000    0.5000    0.6667         4
         ceb     0.6667    0.5000    0.5714         4
         ces     0.9189    0.9189    0.9189        37
         chv     1.0000    1.0000    1.0000         2
         ckt     1.0000    1.0000    1.0000         1
         cmn     1.0000    1.0000    1.0000        80
         cor     1.0000    1.0000    1.0000         2
         csb     1.0000    1.0000    1.0000         2
         cym     1.0000    1.0000    1.0000         2
         dan     0.9412    0.9796    0.9600        49
         deu     0.9965    0.9982    0.9974       570
         dsb     1.0000    1.0000    1.0000         1
         dtp     0.5000    1.0000    0.6667         2
         ell     1.0000    1.0000    1.0000        34
         eng     0.9987    0.9994    0.9990      1550
         epo     0.9972    0.9958    0.9965       718
         est     0.7143    0.8333    0.7692         6
         eus     1.0000    0.8750    0.9333         8
         fao     1.0000    1.0000    1.0000         1
         fin     0.9878    0.9939    0.9908       163
         fkv     0.0000    0.0000    0.0000         1
         fra     0.9960    0.9939    0.9949       495
         fry     0.0000    0.0000    0.0000         1
         gcf     1.0000    1.0000    1.0000         4
         gla     1.0000    0.6667    0.8000         3
         gle     0.8333    1.0000    0.9091         5
         glg     0.7500    0.7500    0.7500         4
         gos     0.7500    0.7500    0.7500         4
         got     1.0000    1.0000    1.0000         1
         grc     1.0000    1.0000    1.0000         2
         grn     1.0000    1.0000    1.0000         1
         haw     0.0000    0.0000    0.0000         0
         heb     1.0000    1.0000    1.0000       223
         hin     1.0000    1.0000    1.0000        24
         hoc     0.0000    0.0000    0.0000         0
         hrv     0.3333    0.4000    0.3636         5
         hun     1.0000    0.9970    0.9985       329
         hye     1.0000    1.0000    1.0000         2
         ido     1.0000    0.7778    0.8750         9
         ile     0.8750    0.7778    0.8235         9
         ilo     1.0000    0.5000    0.6667         2
         ina     0.9643    0.9310    0.9474        29
         ind     0.7647    1.0000    0.8667        13
         isl     1.0000    0.8750    0.9333        16
         ita     0.9915    0.9957    0.9936       933
         jbo     1.0000    1.0000    1.0000        20
         jpn     1.0000    1.0000    1.0000       262
         kab     0.7746    0.8816    0.8246       152
         kat     1.0000    1.0000    1.0000         4
         kaz     1.0000    1.0000    1.0000         2
         khm     1.0000    1.0000    1.0000         1
         kor     1.0000    1.0000    1.0000        10
         krl     0.0000    0.0000    0.0000         1
         kzj     1.0000    1.0000    1.0000         2
         lat     0.9787    0.9583    0.9684        48
         lfn     1.0000    0.8750    0.9333         8
         lit     0.9783    0.9574    0.9677        47
         ltz     1.0000    1.0000    1.0000         1
         lvs     1.0000    1.0000    1.0000         4
         lzh     1.0000    1.0000    1.0000         2
         mar     1.0000    0.9844    0.9921        64
         mgm     0.0000    0.0000    0.0000         1
         mhr     1.0000    1.0000    1.0000         8
         mkd     0.9794    0.9694    0.9744        98
         mon     1.0000    1.0000    1.0000         1
         mri     1.0000    1.0000    1.0000         1
         mww     1.0000    1.0000    1.0000         1
         mya     1.0000    1.0000    1.0000         1
         nah     0.0000    0.0000    0.0000         1
         nds     0.9130    0.8750    0.8936        24
         nld     0.9697    0.9697    0.9697       132
         nob     1.0000    0.8462    0.9167        13
         nov     0.0000    0.0000    0.0000         0
         nst     1.0000    1.0000    1.0000         1
         oci     1.0000    1.0000    1.0000         7
         ori     1.0000    1.0000    1.0000         1
         orv     1.0000    1.0000    1.0000         1
         oss     1.0000    1.0000    1.0000         1
         ota     1.0000    1.0000    1.0000         2
         pam     1.0000    0.8000    0.8889         5
         pes     1.0000    1.0000    1.0000        31
         pms     1.0000    1.0000    1.0000         1
         pol     1.0000    1.0000    1.0000       122
         por     0.9955    0.9977    0.9966       442
         prg     0.6667    1.0000    0.8000         2
         rom     0.0000    0.0000    0.0000         1
         ron     0.9630    1.0000    0.9811        26
         run     0.8000    1.0000    0.8889         4
         rus     0.9956    1.0000    0.9978       903
         sah     0.5000    1.0000    0.6667         1
         san     0.0000    0.0000    0.0000         0
         shy     0.0000    0.0000    0.0000         1
         slk     0.6667    0.6667    0.6667         6
         slv     0.0000    0.0000    0.0000         1
         spa     0.9802    0.9925    0.9863       399
         sqi     1.0000    0.6667    0.8000         3
         srp     0.8974    0.8537    0.8750        41
         swe     0.9250    0.9737    0.9487        38
         swh     1.0000    0.6667    0.8000         3
         tat     1.0000    0.9500    0.9744        20
         tgl     0.9444    0.9444    0.9444        18
         tha     1.0000    1.0000    1.0000         2
         thv     0.0000    0.0000    0.0000         1
         tlh     0.9333    1.0000    0.9655        14
        toki     1.0000    1.0000    1.0000        49
         tpw     1.0000    1.0000    1.0000         1
         tuk     1.0000    0.8000    0.8889         5
         tur     0.9967    0.9989    0.9978       895
         uig     1.0000    1.0000    1.0000         8
         ukr     0.9952    0.9810    0.9880       210
         urd     1.0000    1.0000    1.0000         3
         uzb     0.5000    0.5000    0.5000         2
         vie     1.0000    1.0000    1.0000        12
         vol     1.0000    1.0000    1.0000         3
         war     0.7500    1.0000    0.8571         3
         wuu     1.0000    1.0000    1.0000         4
         xal     1.0000    1.0000    1.0000         1
         yid     1.0000    1.0000    1.0000         3
         yue     1.0000    1.0000    1.0000         4
         zlm     0.0000    0.0000    0.0000         1
         zsm     1.0000    0.2500    0.4000         4
         zza     1.0000    1.0000    1.0000         2

    accuracy                         0.9839     10000
   macro avg     0.8162    0.8033    0.8034     10000
weighted avg     0.9838    0.9839    0.9834     10000
