              precision    recall  f1-score   support

         afb     0.0000    0.0000    0.0000         1
         afr     1.0000    1.0000    1.0000         7
         ara     0.9636    0.9636    0.9636        55
         arg     0.0000    0.0000    0.0000         1
         arq     0.3333    1.0000    0.5000         1
         arz     0.0000    0.0000    0.0000         1
         asm     1.0000    1.0000    1.0000         1
         ast     0.0000    0.0000    0.0000         1
         avk     0.8000    1.0000    0.8889         8
         aze     1.0000    0.6667    0.8000         3
         bel     1.0000    1.0000    1.0000        18
         ben     1.0000    1.0000    1.0000         3
         ber     0.9055    0.8616    0.8830       289
         bos     0.0000    0.0000    0.0000         1
         bre     0.7143    1.0000    0.8333        10
         bul     1.0000    0.9565    0.9778        23
         bvy     0.0000    0.0000    0.0000         0
         cat     1.0000    0.7778    0.8750         9
         cbk     0.6667    0.5000    0.5714         4
         ceb     1.0000    0.5000    0.6667         4
         ces     0.9429    0.8919    0.9167        37
         chv     1.0000    1.0000    1.0000         2
         ckt     1.0000    1.0000    1.0000         1
         cmn     1.0000    0.9875    0.9937        80
         cor     1.0000    1.0000    1.0000         2
         csb     1.0000    1.0000    1.0000         2
         cym     1.0000    1.0000    1.0000         2
         dan     0.9231    0.9796    0.9505        49
         deu     0.9965    0.9982    0.9974       570
         dsb     1.0000    1.0000    1.0000         1
         dtp     1.0000    1.0000    1.0000         2
         ell     1.0000    1.0000    1.0000        34
         eng     0.9994    0.9994    0.9994      1550
         epo     0.9972    0.9972    0.9972       718
         est     0.8333    0.8333    0.8333         6
         eus     1.0000    0.8750    0.9333         8
         fao     1.0000    1.0000    1.0000         1
         fin     0.9879    1.0000    0.9939       163
         fkv     0.0000    0.0000    0.0000         1
         fra     0.9959    0.9919    0.9939       495
         fry     0.0000    0.0000    0.0000         1
         gcf     1.0000    1.0000    1.0000         4
         gla     1.0000    0.6667    0.8000         3
         gle     0.8000    0.8000    0.8000         5
         glg     0.6667    0.5000    0.5714         4
         gos     1.0000    0.5000    0.6667         4
         got     1.0000    1.0000    1.0000         1
         grc     1.0000    1.0000    1.0000         2
         grn     1.0000    1.0000    1.0000         1
         heb     1.0000    1.0000    1.0000       223
         hin     1.0000    1.0000    1.0000        24
         hoc     0.0000    0.0000    0.0000         0
         hrv     0.2500    0.2000    0.2222         5
         hun     1.0000    1.0000    1.0000       329
         hye     1.0000    1.0000    1.0000         2
         ido     1.0000    0.7778    0.8750         9
         ile     1.0000    0.8889    0.9412         9
         ilo     1.0000    0.5000    0.6667         2
         ina     0.9667    1.0000    0.9831        29
         ind     0.8571    0.9231    0.8889        13
         isl     1.0000    0.9375    0.9677        16
         ita     0.9978    0.9946    0.9962       933
         jbo     0.9524    1.0000    0.9756        20
         jpn     1.0000    1.0000    1.0000       262
         kab     0.7697    0.8355    0.8013       152
         kat     1.0000    1.0000    1.0000         4
         kaz     1.0000    1.0000    1.0000         2
         khm     1.0000    1.0000    1.0000         1
         kor     1.0000    1.0000    1.0000        10
         krl     1.0000    1.0000    1.0000         1
         kzj     1.0000    1.0000    1.0000         2
         lat     1.0000    0.9375    0.9677        48
         lfn     1.0000    0.7500    0.8571         8
         lit     0.9783    0.9574    0.9677        47
         ltz     1.0000    1.0000    1.0000         1
         lvs     1.0000    1.0000    1.0000         4
         lzh     1.0000    1.0000    1.0000         2
         mar     1.0000    1.0000    1.0000        64
         mgm     0.0000    0.0000    0.0000         1
         mhr     1.0000    1.0000    1.0000         8
         mkd     0.9600    0.9796    0.9697        98
         mon     1.0000    1.0000    1.0000         1
         mri     0.5000    1.0000    0.6667         1
         mww     1.0000    1.0000    1.0000         1
         mya     1.0000    1.0000    1.0000         1
         nah     0.0000    0.0000    0.0000         1
         nds     0.8519    0.9583    0.9020        24
         nld     0.9848    0.9848    0.9848       132
         nob     1.0000    0.7692    0.8696        13
         nov     0.0000    0.0000    0.0000         0
         nst     1.0000    1.0000    1.0000         1
         oci     1.0000    1.0000    1.0000         7
         ori     1.0000    1.0000    1.0000         1
         orv     1.0000    1.0000    1.0000         1
         oss     1.0000    1.0000    1.0000         1
         ota     0.5000    0.5000    0.5000         2
         pam     1.0000    1.0000    1.0000         5
         pcd     0.0000    0.0000    0.0000         0
         pes     0.9688    1.0000    0.9841        31
         pms     1.0000    1.0000    1.0000         1
         pol     1.0000    1.0000    1.0000       122
         por     0.9910    0.9932    0.9921       442
         prg     0.6667    1.0000    0.8000         2
         que     0.0000    0.0000    0.0000         0
         rom     0.0000    0.0000    0.0000         1
         ron     1.0000    1.0000    1.0000        26
         run     0.8000    1.0000    0.8889         4
         rus     0.9956    0.9934    0.9945       903
         sah     0.5000    1.0000    0.6667         1
         shy     0.0000    0.0000    0.0000         1
         slk     0.5000    0.6667    0.5714         6
         slv     0.0000    0.0000    0.0000         1
         spa     0.9706    0.9925    0.9814       399
         sqi     1.0000    0.6667    0.8000         3
         srp     0.8372    0.8780    0.8571        41
         swe     0.9737    0.9737    0.9737        38
         swh     1.0000    0.6667    0.8000         3
         tat     1.0000    0.9500    0.9744        20
         tgl     0.9474    1.0000    0.9730        18
         tha     1.0000    1.0000    1.0000         2
         thv     1.0000    1.0000    1.0000         1
         tlh     0.9286    0.9286    0.9286        14
        toki     1.0000    1.0000    1.0000        49
         tpw     1.0000    1.0000    1.0000         1
         tuk     0.8000    0.8000    0.8000         5
         tur     0.9967    0.9978    0.9972       895
         uig     1.0000    1.0000    1.0000         8
         ukr     0.9718    0.9857    0.9787       210
         urd     1.0000    1.0000    1.0000         3
         uzb     1.0000    1.0000    1.0000         2
         vie     1.0000    1.0000    1.0000        12
         vol     1.0000    1.0000    1.0000         3
         war     1.0000    1.0000    1.0000         3
         wuu     0.8000    1.0000    0.8889         4
         xal     1.0000    1.0000    1.0000         1
         yid     1.0000    1.0000    1.0000         3
         yue     1.0000    1.0000    1.0000         4
         zlm     0.0000    0.0000    0.0000         1
         zsm     0.7500    0.7500    0.7500         4
         zza     1.0000    1.0000    1.0000         2

    accuracy                         0.9828     10000
   macro avg     0.8178    0.8099    0.8072     10000
weighted avg     0.9829    0.9828    0.9825     10000
