              precision    recall  f1-score   support

         afb     0.0000    0.0000    0.0000         1
         afr     0.8750    1.0000    0.9333         7
         ara     0.9649    1.0000    0.9821        55
         arg     0.0000    0.0000    0.0000         1
         arq     1.0000    1.0000    1.0000         1
         arz     0.0000    0.0000    0.0000         1
         asm     0.0000    0.0000    0.0000         1
         ast     0.0000    0.0000    0.0000         1
         avk     0.8889    1.0000    0.9412         8
         aze     1.0000    0.6667    0.8000         3
         bel     1.0000    1.0000    1.0000        18
         ben     0.7500    1.0000    0.8571         3
         ber     0.8935    0.8997    0.8966       289
         bos     0.0000    0.0000    0.0000         1
         bre     0.8333    1.0000    0.9091        10
         bul     0.9583    1.0000    0.9787        23
         cat     1.0000    0.8889    0.9412         9
         cbk     1.0000    0.5000    0.6667         4
         ceb     1.0000    0.2500    0.4000         4
         ces     0.9429    0.8919    0.9167        37
         chv     1.0000    1.0000    1.0000         2
         ckt     1.0000    1.0000    1.0000         1
         cmn     0.9877    1.0000    0.9938        80
         cor     1.0000    1.0000    1.0000         2
         crh     0.0000    0.0000    0.0000         0
         csb     1.0000    1.0000    1.0000         2
         cym     1.0000    1.0000    1.0000         2
         dan     0.9231    0.9796    0.9505        49
         deu     0.9982    0.9982    0.9982       570
         dsb     1.0000    1.0000    1.0000         1
         dtp     1.0000    1.0000    1.0000         2
         ell     1.0000    1.0000    1.0000        34
         eng     0.9987    0.9994    0.9990      1550
         epo     0.9972    0.9972    0.9972       718
         est     0.8333    0.8333    0.8333         6
         eus     1.0000    1.0000    1.0000         8
         fao     1.0000    1.0000    1.0000         1
         fin     0.9939    1.0000    0.9969       163
         fkv     0.0000    0.0000    0.0000         1
         fra     0.9980    0.9939    0.9960       495
         fry     0.0000    0.0000    0.0000         1
         gcf     1.0000    1.0000    1.0000         4
         gla     1.0000    0.6667    0.8000         3
         gle     0.7143    1.0000    0.8333         5
         glg     1.0000    0.5000    0.6667         4
         gos     1.0000    0.7500    0.8571         4
         got     1.0000    1.0000    1.0000         1
         grc     1.0000    1.0000    1.0000         2
         grn     1.0000    1.0000    1.0000         1
         heb     1.0000    1.0000    1.0000       223
         hin     1.0000    1.0000    1.0000        24
         hoc     0.0000    0.0000    0.0000         0
         hrv     0.4000    0.4000    0.4000         5
         hsb     0.0000    0.0000    0.0000         0
         hun     1.0000    1.0000    1.0000       329
         hye     1.0000    1.0000    1.0000         2
         ido     1.0000    0.7778    0.8750         9
         ile     0.8000    0.8889    0.8421         9
         ilo     1.0000    0.5000    0.6667         2
         ina     0.9310    0.9310    0.9310        29
         ind     0.7222    1.0000    0.8387        13
         isl     1.0000    0.8750    0.9333        16
         ita     0.9946    0.9946    0.9946       933
         jbo     1.0000    1.0000    1.0000        20
         jpn     1.0000    1.0000    1.0000       262
         kab     0.8158    0.8158    0.8158       152
         kat     1.0000    1.0000    1.0000         4
         kaz     1.0000    1.0000    1.0000         2
         khm     1.0000    1.0000    1.0000         1
         kor     1.0000    1.0000    1.0000        10
         krl     1.0000    1.0000    1.0000         1
         kzj     0.6667    1.0000    0.8000         2
         lat     0.9792    0.9792    0.9792        48
         lfn     1.0000    0.5000    0.6667         8
         lit     0.9783    0.9574    0.9677        47
         ltz     1.0000    1.0000    1.0000         1
         lvs     1.0000    0.7500    0.8571         4
         lzh     1.0000    0.5000    0.6667         2
         mar     1.0000    1.0000    1.0000        64
         mgm     0.0000    0.0000    0.0000         1
         mhr     1.0000    1.0000    1.0000         8
         mkd     0.9596    0.9694    0.9645        98
         mon     1.0000    1.0000    1.0000         1
         mri     1.0000    1.0000    1.0000         1
         mww     1.0000    1.0000    1.0000         1
         mya     1.0000    1.0000    1.0000         1
         nah     0.0000    0.0000    0.0000         1
         nds     0.8846    0.9583    0.9200        24
         nld     0.9846    0.9697    0.9771       132
         nob     1.0000    0.7692    0.8696        13
         nov     0.0000    0.0000    0.0000         0
         nst     1.0000    1.0000    1.0000         1
         oci     1.0000    1.0000    1.0000         7
         ori     1.0000    1.0000    1.0000         1
         orv     1.0000    1.0000    1.0000         1
         oss     1.0000    1.0000    1.0000         1
         ota     1.0000    0.5000    0.6667         2
         pam     1.0000    0.8000    0.8889         5
         pes     0.9688    1.0000    0.9841        31
         pms     1.0000    1.0000    1.0000         1
         pol     1.0000    1.0000    1.0000       122
         por     0.9977    0.9932    0.9955       442
         prg     0.6667    1.0000    0.8000         2
         rom     0.0000    0.0000    0.0000         1
         ron     1.0000    1.0000    1.0000        26
         run     1.0000    1.0000    1.0000         4
         rus     0.9967    0.9989    0.9978       903
         sah     0.5000    1.0000    0.6667         1
         shy     0.0000    0.0000    0.0000         1
         slk     0.6667    0.6667    0.6667         6
         slv     0.0000    0.0000    0.0000         1
         spa     0.9659    0.9950    0.9802       399
         sqi     1.0000    0.6667    0.8000         3
         srp     0.9000    0.8780    0.8889        41
         swe     0.9487    0.9737    0.9610        38
         swh     1.0000    1.0000    1.0000         3
         tat     1.0000    0.9500    0.9744        20
         tgl     0.9000    1.0000    0.9474        18
         tha     1.0000    1.0000    1.0000         2
         thv     1.0000    1.0000    1.0000         1
         tlh     0.9333    1.0000    0.9655        14
        toki     1.0000    1.0000    1.0000        49
         tpw     1.0000    1.0000    1.0000         1
         tuk     1.0000    0.8000    0.8889         5
         tur     0.9978    0.9989    0.9983       895
         uig     1.0000    1.0000    1.0000         8
         ukr     0.9905    0.9952    0.9929       210
         urd     1.0000    1.0000    1.0000         3
         uzb     1.0000    1.0000    1.0000         2
         vie     1.0000    1.0000    1.0000        12
         vol     1.0000    1.0000    1.0000         3
         war     0.7500    1.0000    0.8571         3
         wuu     1.0000    1.0000    1.0000         4
         xal     1.0000    1.0000    1.0000         1
         yid     1.0000    1.0000    1.0000         3
         yue     1.0000    1.0000    1.0000         4
         zlm     0.0000    0.0000    0.0000         1
         zsm     0.0000    0.0000    0.0000         4
         zza     1.0000    1.0000    1.0000         2

    accuracy                         0.9844     10000
   macro avg     0.8263    0.8026    0.8060     10000
weighted avg     0.9838    0.9844    0.9836     10000
