              precision    recall  f1-score   support

         afb     0.0000    0.0000    0.0000         1
         afr     1.0000    1.0000    1.0000         7
         ara     0.9630    0.9455    0.9541        55
         arg     0.0000    0.0000    0.0000         1
         arq     0.2500    1.0000    0.4000         1
         arz     0.0000    0.0000    0.0000         1
         asm     1.0000    1.0000    1.0000         1
         ast     0.0000    0.0000    0.0000         1
         avk     0.7778    0.8750    0.8235         8
         aze     1.0000    0.3333    0.5000         3
         bel     1.0000    1.0000    1.0000        18
         ben     1.0000    1.0000    1.0000         3
         ber     0.9098    0.8374    0.8721       289
         bos     0.0000    0.0000    0.0000         1
         bre     1.0000    1.0000    1.0000        10
         bul     0.8800    0.9565    0.9167        23
         cat     1.0000    0.7778    0.8750         9
         cbk     0.6667    0.5000    0.5714         4
         ceb     0.0000    0.0000    0.0000         4
         ces     0.9714    0.9189    0.9444        37
         chv     1.0000    1.0000    1.0000         2
         ckt     1.0000    1.0000    1.0000         1
         cmn     0.9873    0.9750    0.9811        80
         cor     1.0000    1.0000    1.0000         2
         csb     1.0000    1.0000    1.0000         2
         cym     1.0000    1.0000    1.0000         2
         dan     0.9200    0.9388    0.9293        49
         deu     0.9982    0.9982    0.9982       570
         dsb     1.0000    1.0000    1.0000         1
         dtp     0.5000    0.5000    0.5000         2
         egl     0.0000    0.0000    0.0000         0
         ell     1.0000    1.0000    1.0000        34
         eng     0.9987    0.9994    0.9990      1550
         epo     0.9958    0.9972    0.9965       718
         est     0.8000    0.6667    0.7273         6
         eus     1.0000    1.0000    1.0000         8
         fao     1.0000    1.0000    1.0000         1
         fin     0.9818    0.9939    0.9878       163
         fkv     0.0000    0.0000    0.0000         1
         fra     0.9959    0.9919    0.9939       495
         fry     0.0000    0.0000    0.0000         1
         gcf     1.0000    1.0000    1.0000         4
         gla     1.0000    0.6667    0.8000         3
         gle     0.5714    0.8000    0.6667         5
         glg     0.6667    0.5000    0.5714         4
         gos     0.5000    0.5000    0.5000         4
         got     1.0000    1.0000    1.0000         1
         grc     1.0000    1.0000    1.0000         2
         grn     1.0000    1.0000    1.0000         1
         haw     0.0000    0.0000    0.0000         0
         heb     1.0000    1.0000    1.0000       223
         hin     1.0000    1.0000    1.0000        24
         hrv     1.0000    0.2000    0.3333         5
         hsb     0.0000    0.0000    0.0000         0
         hun     0.9970    0.9970    0.9970       329
         hye     1.0000    1.0000    1.0000         2
         ido     0.6364    0.7778    0.7000         9
         ile     1.0000    0.8889    0.9412         9
         ilo     0.5000    0.5000    0.5000         2
         ina     0.9667    1.0000    0.9831        29
         ind     0.7647    1.0000    0.8667        13
         isl     1.0000    0.8750    0.9333        16
         ita     0.9968    0.9936    0.9952       933
         jbo     1.0000    1.0000    1.0000        20
         jpn     1.0000    1.0000    1.0000       262
         kab     0.7345    0.8553    0.7903       152
         kat     1.0000    1.0000    1.0000         4
         kaz     1.0000    1.0000    1.0000         2
         khm     1.0000    1.0000    1.0000         1
         kor     1.0000    1.0000    1.0000        10
         krl     0.0000    0.0000    0.0000         1
         kzj     0.6667    1.0000    0.8000         2
         lat     0.9574    0.9375    0.9474        48
         lfn     1.0000    0.8750    0.9333         8
         lit     0.9783    0.9574    0.9677        47
         ltz     1.0000    1.0000    1.0000         1
         lvs     1.0000    1.0000    1.0000         4
         lzh     1.0000    0.5000    0.6667         2
         mar     1.0000    0.9844    0.9921        64
         mgm     0.0000    0.0000    0.0000         1
         mhr     0.8889    1.0000    0.9412         8
         mkd     0.9583    0.9388    0.9485        98
         mon     1.0000    1.0000    1.0000         1
         mri     1.0000    1.0000    1.0000         1
         mww     0.0000    0.0000    0.0000         1
         mya     1.0000    1.0000    1.0000         1
         nah     0.0000    0.0000    0.0000         1
         nds     0.8462    0.9167    0.8800        24
         nld     0.9924    0.9848    0.9886       132
         nob     1.0000    0.7692    0.8696        13
         nov     0.0000    0.0000    0.0000         0
         nst     1.0000    1.0000    1.0000         1
         oci     1.0000    1.0000    1.0000         7
         ori     1.0000    1.0000    1.0000         1
         orv     1.0000    1.0000    1.0000         1
         oss     0.5000    1.0000    0.6667         1
         ota     1.0000    1.0000    1.0000         2
         pam     1.0000    1.0000    1.0000         5
         pes     1.0000    1.0000    1.0000        31
         pms     1.0000    1.0000    1.0000         1
         pol     0.9919    1.0000    0.9959       122
         por     0.9955    0.9932    0.9943       442
         prg     0.6667    1.0000    0.8000         2
         rom     0.5000    1.0000    0.6667         1
         ron     1.0000    1.0000    1.0000        26
         run     0.6667    1.0000    0.8000         4
         rus     0.9978    0.9922    0.9950       903
         sah     0.5000    1.0000    0.6667         1
         san     0.0000    0.0000    0.0000         0
         shy     0.0000    0.0000    0.0000         1
         slk     0.6000    1.0000    0.7500         6
         slv     0.0000    0.0000    0.0000         1
         spa     0.9754    0.9950    0.9851       399
         sqi     1.0000    0.6667    0.8000         3
         srp     0.8409    0.9024    0.8706        41
         swe     0.9250    0.9737    0.9487        38
         swg     0.0000    0.0000    0.0000         0
         swh     1.0000    0.6667    0.8000         3
         tat     1.0000    0.9500    0.9744        20
         tgl     0.9000    1.0000    0.9474        18
         tha     1.0000    1.0000    1.0000         2
         thv     0.0000    0.0000    0.0000         1
         tlh     0.9286    0.9286    0.9286        14
        toki     1.0000    1.0000    1.0000        49
         tpw     0.0000    0.0000    0.0000         1
         tuk     0.8000    0.8000    0.8000         5
         tur     0.9955    0.9989    0.9972       895
         uig     1.0000    1.0000    1.0000         8
         ukr     0.9674    0.9905    0.9788       210
         urd     1.0000    1.0000    1.0000         3
         uzb     1.0000    0.5000    0.6667         2
         vie     1.0000    1.0000    1.0000        12
         vol     1.0000    1.0000    1.0000         3
         war     1.0000    1.0000    1.0000         3
         wuu     0.6667    1.0000    0.8000         4
         xal     1.0000    1.0000    1.0000         1
         yid     1.0000    1.0000    1.0000         3
         yue     1.0000    1.0000    1.0000         4
         zlm     0.0000    0.0000    0.0000         1
         zsm     1.0000    0.2500    0.4000         4
         zza     1.0000    1.0000    1.0000         2

    accuracy                         0.9807     10000
   macro avg     0.7705    0.7676    0.7569     10000
weighted avg     0.9809    0.9807    0.9801     10000
