              precision    recall  f1-score   support

         afb     0.0000    0.0000    0.0000         1
         afr     1.0000    1.0000    1.0000         7
         ara     0.9615    0.9091    0.9346        55
         arg     0.0000    0.0000    0.0000         1
         arq     0.1667    1.0000    0.2857         1
         arz     0.0000    0.0000    0.0000         1
         asm     1.0000    1.0000    1.0000         1
         ast     0.0000    0.0000    0.0000         1
         avk     0.8750    0.8750    0.8750         8
         aze     1.0000    0.6667    0.8000         3
         bel     0.9474    1.0000    0.9730        18
         ben     1.0000    1.0000    1.0000         3
         ber     0.8685    0.8685    0.8685       289
         bos     0.0000    0.0000    0.0000         1
         bre     1.0000    1.0000    1.0000        10
         bul     0.9565    0.9565    0.9565        23
         cat     1.0000    0.7778    0.8750         9
         cbk     0.6667    0.5000    0.5714         4
         ceb     0.0000    0.0000    0.0000         4
         ces     0.8974    0.9459    0.9211        37
         chv     1.0000    1.0000    1.0000         2
         ckt     1.0000    1.0000    1.0000         1
         cmn     0.9875    0.9875    0.9875        80
         cor     1.0000    1.0000    1.0000         2
         crh     0.0000    0.0000    0.0000         0
         csb     1.0000    1.0000    1.0000         2
         cym     1.0000    1.0000    1.0000         2
         dan     0.9057    0.9796    0.9412        49
         deu     0.9965    0.9982    0.9974       570
         dsb     1.0000    1.0000    1.0000         1
         dtp     0.3333    0.5000    0.4000         2
         ell     1.0000    1.0000    1.0000        34
         eng     0.9987    0.9987    0.9987      1550
         epo     0.9931    0.9986    0.9958       718
         est     0.6667    0.6667    0.6667         6
         eus     0.8750    0.8750    0.8750         8
         fao     1.0000    1.0000    1.0000         1
         fin     0.9818    0.9939    0.9878       163
         fkv     0.0000    0.0000    0.0000         1
         fra     0.9939    0.9939    0.9939       495
         fry     0.0000    0.0000    0.0000         1
         gcf     0.8000    1.0000    0.8889         4
         gla     1.0000    0.6667    0.8000         3
         gle     0.6667    0.8000    0.7273         5
         glg     0.6000    0.7500    0.6667         4
         gos     0.5000    0.5000    0.5000         4
         got     1.0000    1.0000    1.0000         1
         grc     1.0000    1.0000    1.0000         2
         grn     1.0000    1.0000    1.0000         1
         haw     0.0000    0.0000    0.0000         0
         heb     1.0000    1.0000    1.0000       223
         hin     1.0000    1.0000    1.0000        24
         hrv     0.0000    0.0000    0.0000         5
         hsb     0.0000    0.0000    0.0000         0
         hun     0.9970    0.9970    0.9970       329
         hye     1.0000    1.0000    1.0000         2
         ido     1.0000    0.5556    0.7143         9
         ile     1.0000    0.6667    0.8000         9
         ilo     0.3333    0.5000    0.4000         2
         ina     0.9310    0.9310    0.9310        29
         ind     0.6500    1.0000    0.7879        13
         isl     1.0000    0.8750    0.9333        16
         ita     0.9936    0.9946    0.9941       933
         jbo     1.0000    0.9500    0.9744        20
         jpn     1.0000    1.0000    1.0000       262
         kab     0.7566    0.7566    0.7566       152
         kat     1.0000    1.0000    1.0000         4
         kaz     1.0000    0.5000    0.6667         2
         khm     1.0000    1.0000    1.0000         1
         kir     0.0000    0.0000    0.0000         0
         kor     1.0000    1.0000    1.0000        10
         krl     0.0000    0.0000    0.0000         1
         kzj     0.6667    1.0000    0.8000         2
         lat     0.9783    0.9375    0.9574        48
         lfn     0.8333    0.6250    0.7143         8
         lit     1.0000    0.9362    0.9670        47
         ltz     0.0000    0.0000    0.0000         1
         lvs     1.0000    1.0000    1.0000         4
         lzh     1.0000    0.5000    0.6667         2
         mar     1.0000    0.9844    0.9921        64
         mgm     0.0000    0.0000    0.0000         1
         mhr     1.0000    1.0000    1.0000         8
         mkd     0.9400    0.9592    0.9495        98
         mon     1.0000    1.0000    1.0000         1
         mri     1.0000    1.0000    1.0000         1
         mww     0.0000    0.0000    0.0000         1
         mya     1.0000    1.0000    1.0000         1
         nah     0.0000    0.0000    0.0000         1
         nds     0.8800    0.9167    0.8980        24
         nld     0.9848    0.9848    0.9848       132
         nob     1.0000    0.7692    0.8696        13
         nov     0.0000    0.0000    0.0000         0
         nst     1.0000    1.0000    1.0000         1
         oci     1.0000    1.0000    1.0000         7
         ori     1.0000    1.0000    1.0000         1
         orv     1.0000    1.0000    1.0000         1
         oss     1.0000    1.0000    1.0000         1
         ota     1.0000    1.0000    1.0000         2
         pam     1.0000    1.0000    1.0000         5
         pes     1.0000    1.0000    1.0000        31
         pms     0.0000    0.0000    0.0000         1
         pol     0.9919    1.0000    0.9959       122
         por     0.9932    0.9910    0.9921       442
         prg     0.6667    1.0000    0.8000         2
         rom     0.5000    1.0000    0.6667         1
         ron     1.0000    1.0000    1.0000        26
         run     0.8000    1.0000    0.8889         4
         rus     0.9956    0.9967    0.9961       903
         sah     1.0000    1.0000    1.0000         1
         san     0.0000    0.0000    0.0000         0
         shy     0.0000    0.0000    0.0000         1
         slk     0.8000    0.6667    0.7273         6
         slv     0.0000    0.0000    0.0000         1
         spa     0.9778    0.9925    0.9851       399
         sqi     1.0000    0.6667    0.8000         3
         srp     0.8372    0.8780    0.8571        41
         swe     0.9250    0.9737    0.9487        38
         swg     0.0000    0.0000    0.0000         0
         swh     0.0000    0.0000    0.0000         3
         tat     1.0000    1.0000    1.0000        20
         tgl     0.9000    1.0000    0.9474        18
         tha     1.0000    1.0000    1.0000         2
         thv     0.0000    0.0000    0.0000         1
         tlh     0.9286    0.9286    0.9286        14
        toki     1.0000    1.0000    1.0000        49
         tpw     1.0000    1.0000    1.0000         1
         tuk     1.0000    0.8000    0.8889         5
         tur     0.9955    0.9989    0.9972       895
         uig     1.0000    1.0000    1.0000         8
         ukr     0.9810    0.9857    0.9834       210
         urd     1.0000    1.0000    1.0000         3
         uzb     1.0000    0.5000    0.6667         2
         vie     1.0000    1.0000    1.0000        12
         vol     1.0000    1.0000    1.0000         3
         war     1.0000    1.0000    1.0000         3
         wuu     0.8000    1.0000    0.8889         4
         xal     1.0000    1.0000    1.0000         1
         yid     1.0000    1.0000    1.0000         3
         yue     1.0000    1.0000    1.0000         4
         zlm     0.0000    0.0000    0.0000         1
         zsm     0.0000    0.0000    0.0000         4
         zza     1.0000    1.0000    1.0000         2

    accuracy                         0.9791     10000
   macro avg     0.7442    0.7389    0.7338     10000
weighted avg     0.9780    0.9791    0.9782     10000
