              precision    recall  f1-score   support

         afb     0.0000    0.0000    0.0000         1
         afr     1.0000    0.8571    0.9231         7
         ara     0.9623    0.9273    0.9444        55
         arg     0.0000    0.0000    0.0000         1
         arq     0.2000    1.0000    0.3333         1
         arz     0.0000    0.0000    0.0000         1
         asm     0.0000    0.0000    0.0000         1
         ast     0.0000    0.0000    0.0000         1
         avk     1.0000    0.7500    0.8571         8
         aze     1.0000    1.0000    1.0000         3
         bel     1.0000    1.0000    1.0000        18
         ben     0.7500    1.0000    0.8571         3
         ber     0.8773    0.8166    0.8459       289
         bos     0.0000    0.0000    0.0000         1
         bre     1.0000    0.7000    0.8235        10
         bua     0.0000    0.0000    0.0000         0
         bul     0.7931    1.0000    0.8846        23
         cat     0.7143    0.5556    0.6250         9
         cbk     1.0000    0.2500    0.4000         4
         ceb     0.0000    0.0000    0.0000         4
         ces     0.8537    0.9459    0.8974        37
         chv     1.0000    1.0000    1.0000         2
         ckt     1.0000    1.0000    1.0000         1
         cmn     0.9756    1.0000    0.9877        80
         cor     1.0000    1.0000    1.0000         2
         csb     1.0000    0.5000    0.6667         2
         cym     1.0000    0.5000    0.6667         2
         dan     0.9216    0.9592    0.9400        49
         deu     0.9982    0.9982    0.9982       570
         dsb     0.0000    0.0000    0.0000         1
         dtp     1.0000    1.0000    1.0000         2
         ell     1.0000    1.0000    1.0000        34
         eng     0.9974    0.9987    0.9981      1550
         epo     0.9862    0.9986    0.9924       718
         est     1.0000    0.6667    0.8000         6
         eus     0.8889    1.0000    0.9412         8
         fao     0.0000    0.0000    0.0000         1
         fin     0.9815    0.9755    0.9785       163
         fkv     0.0000    0.0000    0.0000         1
         fra     0.9880    0.9939    0.9909       495
         fry     0.0000    0.0000    0.0000         1
         gcf     0.8000    1.0000    0.8889         4
         gla     0.6667    0.6667    0.6667         3
         gle     0.5000    0.8000    0.6154         5
         glg     0.0000    0.0000    0.0000         4
         gos     1.0000    0.2500    0.4000         4
         got     1.0000    1.0000    1.0000         1
         grc     1.0000    1.0000    1.0000         2
         grn     1.0000    1.0000    1.0000         1
         heb     1.0000    0.9910    0.9955       223
         hin     0.9600    1.0000    0.9796        24
         hoc     0.0000    0.0000    0.0000         0
         hrv     0.0000    0.0000    0.0000         5
         hsb     0.0000    0.0000    0.0000         0
         hun     0.9909    0.9909    0.9909       329
         hye     1.0000    1.0000    1.0000         2
         ido     0.7500    0.3333    0.4615         9
         ile     0.8750    0.7778    0.8235         9
         ilo     0.0000    0.0000    0.0000         2
         ina     0.9615    0.8621    0.9091        29
         ind     0.6500    1.0000    0.7879        13
         isl     0.9333    0.8750    0.9032        16
         ita     0.9915    0.9957    0.9936       933
         jbo     0.9048    0.9500    0.9268        20
         jpn     1.0000    1.0000    1.0000       262
         kab     0.6971    0.8026    0.7462       152
         kat     1.0000    1.0000    1.0000         4
         kaz     1.0000    1.0000    1.0000         2
         khm     1.0000    1.0000    1.0000         1
         kor     1.0000    1.0000    1.0000        10
         krl     0.0000    0.0000    0.0000         1
         kzj     1.0000    1.0000    1.0000         2
         lat     0.9556    0.8958    0.9247        48
         lfn     0.7143    0.6250    0.6667         8
         lit     0.9574    0.9574    0.9574        47
         ltz     0.0000    0.0000    0.0000         1
         lvs     1.0000    0.7500    0.8571         4
         lzh     1.0000    0.5000    0.6667         2
         mar     1.0000    0.9688    0.9841        64
         mgm     0.0000    0.0000    0.0000         1
         mhr     1.0000    1.0000    1.0000         8
         mkd     0.9667    0.8878    0.9255        98
         mon     0.0000    0.0000    0.0000         1
         mri     1.0000    1.0000    1.0000         1
         mww     0.0000    0.0000    0.0000         1
         mya     1.0000    1.0000    1.0000         1
         nah     0.0000    0.0000    0.0000         1
         nds     0.8846    0.9583    0.9200        24
         nld     0.9701    0.9848    0.9774       132
         nob     0.8462    0.8462    0.8462        13
         npi     0.0000    0.0000    0.0000         0
         nst     1.0000    1.0000    1.0000         1
         oci     0.8333    0.7143    0.7692         7
         ori     1.0000    1.0000    1.0000         1
         orv     1.0000    1.0000    1.0000         1
         oss     0.0000    0.0000    0.0000         1
         ota     1.0000    0.5000    0.6667         2
         pam     0.7500    0.6000    0.6667         5
         pes     0.9677    0.9677    0.9677        31
         pms     0.0000    0.0000    0.0000         1
         pol     0.9918    0.9918    0.9918       122
         por     0.9865    0.9955    0.9910       442
         prg     1.0000    1.0000    1.0000         2
         rom     0.0000    0.0000    0.0000         1
         ron     0.9630    1.0000    0.9811        26
         run     0.6667    1.0000    0.8000         4
         rus     0.9858    0.9989    0.9923       903
         sah     0.0000    0.0000    0.0000         1
         shy     0.0000    0.0000    0.0000         1
         slk     0.4286    0.5000    0.4615         6
         slv     1.0000    1.0000    1.0000         1
         spa     0.9705    0.9900    0.9801       399
         sqi     1.0000    0.3333    0.5000         3
         srp     0.7955    0.8537    0.8235        41
         swe     0.9730    0.9474    0.9600        38
         swg     0.0000    0.0000    0.0000         0
         swh     0.0000    0.0000    0.0000         3
         tat     1.0000    1.0000    1.0000        20
         tgl     0.8095    0.9444    0.8718        18
         tha     1.0000    1.0000    1.0000         2
         thv     0.0000    0.0000    0.0000         1
         tlh     0.9286    0.9286    0.9286        14
        toki     1.0000    0.9796    0.9897        49
         tpw     0.0000    0.0000    0.0000         1
         tuk     1.0000    0.6000    0.7500         5
         tur     0.9889    0.9989    0.9939       895
         uig     1.0000    1.0000    1.0000         8
         ukr     0.9901    0.9571    0.9734       210
         urd     0.7500    1.0000    0.8571         3
         uzb     0.0000    0.0000    0.0000         2
         vie     1.0000    1.0000    1.0000        12
         vol     0.6000    1.0000    0.7500         3
         war     0.6667    0.6667    0.6667         3
         wuu     1.0000    0.7500    0.8571         4
         xal     0.5000    1.0000    0.6667         1
         yid     0.6000    1.0000    0.7500         3
         yue     1.0000    1.0000    1.0000         4
         zlm     0.0000    0.0000    0.0000         1
         zsm     0.0000    0.0000    0.0000         4
         zza     0.0000    0.0000    0.0000         2

    accuracy                         0.9728     10000
   macro avg     0.6715    0.6520    0.6484     10000
weighted avg     0.9704    0.9728    0.9707     10000
