              precision    recall  f1-score   support

         afb     0.0000    0.0000    0.0000         1
         afr     0.8750    1.0000    0.9333         7
         ara     0.9636    0.9636    0.9636        55
         arg     0.0000    0.0000    0.0000         1
         arq     0.5000    1.0000    0.6667         1
         arz     0.0000    0.0000    0.0000         1
         asm     1.0000    1.0000    1.0000         1
         ast     0.0000    0.0000    0.0000         1
         avk     0.8750    0.8750    0.8750         8
         aze     1.0000    1.0000    1.0000         3
         bel     0.9474    1.0000    0.9730        18
         ben     1.0000    1.0000    1.0000         3
         ber     0.8949    0.9135    0.9041       289
         bos     0.0000    0.0000    0.0000         1
         bre     0.8333    1.0000    0.9091        10
         bul     1.0000    0.9565    0.9778        23
         cat     1.0000    0.8889    0.9412         9
         cbk     1.0000    0.5000    0.6667         4
         ceb     1.0000    0.7500    0.8571         4
         ces     0.9250    1.0000    0.9610        37
         chv     1.0000    1.0000    1.0000         2
         ckt     1.0000    1.0000    1.0000         1
         cmn     1.0000    0.9875    0.9937        80
         cor     1.0000    1.0000    1.0000         2
         csb     1.0000    1.0000    1.0000         2
         cym     1.0000    1.0000    1.0000         2
         dan     0.9245    1.0000    0.9608        49
         deu     1.0000    1.0000    1.0000       570
         dsb     1.0000    1.0000    1.0000         1
         dtp     1.0000    0.5000    0.6667         2
         ell     1.0000    1.0000    1.0000        34
         eng     0.9994    0.9987    0.9990      1550
         epo     0.9986    0.9972    0.9979       718
         est     1.0000    0.8333    0.9091         6
         eus     1.0000    1.0000    1.0000         8
         fao     1.0000    1.0000    1.0000         1
         fin     0.9939    1.0000    0.9969       163
         fkv     1.0000    1.0000    1.0000         1
         fra     0.9980    0.9960    0.9970       495
         fry     0.0000    0.0000    0.0000         1
         gcf     1.0000    1.0000    1.0000         4
         gla     1.0000    0.6667    0.8000         3
         gle     1.0000    1.0000    1.0000         5
         glg     0.7500    0.7500    0.7500         4
         gos     1.0000    0.5000    0.6667         4
         got     1.0000    1.0000    1.0000         1
         grc     1.0000    1.0000    1.0000         2
         grn     1.0000    1.0000    1.0000         1
         heb     1.0000    1.0000    1.0000       223
         hin     0.9600    1.0000    0.9796        24
         hrv     0.3333    0.2000    0.2500         5
         hun     1.0000    1.0000    1.0000       329
         hye     1.0000    1.0000    1.0000         2
         ido     1.0000    0.7778    0.8750         9
         ile     0.8889    0.8889    0.8889         9
         ilo     1.0000    1.0000    1.0000         2
         ina     1.0000    1.0000    1.0000        29
         ind     0.7647    1.0000    0.8667        13
         isl     1.0000    0.9375    0.9677        16
         ita     0.9968    0.9957    0.9962       933
         jbo     1.0000    1.0000    1.0000        20
         jpn     1.0000    1.0000    1.0000       262
         kab     0.8333    0.8224    0.8278       152
         kat     1.0000    1.0000    1.0000         4
         kaz     1.0000    0.5000    0.6667         2
         khm     1.0000    1.0000    1.0000         1
         kor     1.0000    1.0000    1.0000        10
         krl     1.0000    1.0000    1.0000         1
         ksh     0.0000    0.0000    0.0000         0
         kzj     0.6667    1.0000    0.8000         2
         lat     0.9787    0.9583    0.9684        48
         lfn     0.8750    0.8750    0.8750         8
         lit     1.0000    1.0000    1.0000        47
         ltz     1.0000    1.0000    1.0000         1
         lvs     1.0000    0.7500    0.8571         4
         lzh     1.0000    1.0000    1.0000         2
         mar     1.0000    0.9844    0.9921        64
         mgm     0.0000    0.0000    0.0000         1
         mhr     1.0000    1.0000    1.0000         8
         mkd     1.0000    0.9898    0.9949        98
         mon     1.0000    1.0000    1.0000         1
         mri     1.0000    1.0000    1.0000         1
         mww     1.0000    1.0000    1.0000         1
         mya     1.0000    1.0000    1.0000         1
         nah     0.0000    0.0000    0.0000         1
         nds     0.9583    0.9583    0.9583        24
         nld     0.9773    0.9773    0.9773       132
         nob     1.0000    0.7692    0.8696        13
         nst     1.0000    1.0000    1.0000         1
         oci     1.0000    1.0000    1.0000         7
         ori     1.0000    1.0000    1.0000         1
         orv     1.0000    1.0000    1.0000         1
         oss     1.0000    1.0000    1.0000         1
         ota     1.0000    1.0000    1.0000         2
         pam     1.0000    0.8000    0.8889         5
         pes     0.9688    1.0000    0.9841        31
         pms     1.0000    1.0000    1.0000         1
         pol     1.0000    1.0000    1.0000       122
         por     0.9955    0.9932    0.9943       442
         prg     0.6667    1.0000    0.8000         2
         rom     0.5000    1.0000    0.6667         1
         ron     1.0000    1.0000    1.0000        26
         run     0.8000    1.0000    0.8889         4
         rus     0.9978    0.9978    0.9978       903
         sah     1.0000    1.0000    1.0000         1
         shy     0.0000    0.0000    0.0000         1
         slk     1.0000    0.5000    0.6667         6
         slv     0.0000    0.0000    0.0000         1
         spa     0.9707    0.9950    0.9827       399
         sqi     1.0000    0.6667    0.8000         3
         srp     0.8333    0.9756    0.8989        41
         swe     1.0000    1.0000    1.0000        38
         swh     1.0000    0.6667    0.8000         3
         tat     1.0000    1.0000    1.0000        20
         tgl     0.9474    1.0000    0.9730        18
         tha     1.0000    1.0000    1.0000         2
         thv     1.0000    1.0000    1.0000         1
         tlh     1.0000    1.0000    1.0000        14
        toki     1.0000    1.0000    1.0000        49
         tpw     1.0000    1.0000    1.0000         1
         tuk     1.0000    1.0000    1.0000         5
         tur     1.0000    0.9989    0.9994       895
         uig     1.0000    1.0000    1.0000         8
         ukr     0.9905    0.9952    0.9929       210
         urd     1.0000    1.0000    1.0000         3
         uzb     1.0000    1.0000    1.0000         2
         vie     1.0000    1.0000    1.0000        12
         vol     1.0000    1.0000    1.0000         3
         war     0.7500    1.0000    0.8571         3
         wuu     0.8000    1.0000    0.8889         4
         xal     1.0000    1.0000    1.0000         1
         yid     1.0000    1.0000    1.0000         3
         yue     1.0000    1.0000    1.0000         4
         zlm     0.0000    0.0000    0.0000         1
         zsm     1.0000    0.5000    0.6667         4
         zza     1.0000    1.0000    1.0000         2

    accuracy                         0.9872     10000
   macro avg     0.8745    0.8570    0.8583     10000
weighted avg     0.9867    0.9872    0.9865     10000
