              precision    recall  f1-score   support

         afb     0.0000    0.0000    0.0000         1
         afr     0.8750    1.0000    0.9333         7
         ara     0.9608    0.8909    0.9245        55
         arg     0.0000    0.0000    0.0000         1
         arq     0.3333    1.0000    0.5000         1
         arz     0.0000    0.0000    0.0000         1
         asm     1.0000    1.0000    1.0000         1
         ast     0.0000    0.0000    0.0000         1
         avk     0.8750    0.8750    0.8750         8
         aze     0.7500    1.0000    0.8571         3
         bel     1.0000    1.0000    1.0000        18
         ben     1.0000    1.0000    1.0000         3
         ber     0.8949    0.9135    0.9041       289
         bos     0.0000    0.0000    0.0000         1
         bre     0.9091    1.0000    0.9524        10
         bul     1.0000    1.0000    1.0000        23
         cat     1.0000    0.8889    0.9412         9
         cbk     0.5000    0.5000    0.5000         4
         ceb     1.0000    0.5000    0.6667         4
         ces     0.9737    1.0000    0.9867        37
         chv     1.0000    1.0000    1.0000         2
         ckt     1.0000    1.0000    1.0000         1
         cmn     1.0000    1.0000    1.0000        80
         cor     1.0000    1.0000    1.0000         2
         csb     1.0000    1.0000    1.0000         2
         cym     1.0000    1.0000    1.0000         2
         dan     0.9412    0.9796    0.9600        49
         deu     1.0000    1.0000    1.0000       570
         dsb     1.0000    1.0000    1.0000         1
         dtp     1.0000    1.0000    1.0000         2
         ell     1.0000    1.0000    1.0000        34
         eng     0.9987    0.9994    0.9990      1550
         epo     0.9986    0.9972    0.9979       718
         est     1.0000    1.0000    1.0000         6
         eus     1.0000    0.8750    0.9333         8
         fao     1.0000    1.0000    1.0000         1
         fin     0.9819    1.0000    0.9909       163
         fkv     1.0000    1.0000    1.0000         1
         fra     0.9980    0.9939    0.9960       495
         fry     0.0000    0.0000    0.0000         1
         gcf     0.8000    1.0000    0.8889         4
         gla     1.0000    0.6667    0.8000         3
         gle     1.0000    1.0000    1.0000         5
         glg     0.7500    0.7500    0.7500         4
         gos     1.0000    0.5000    0.6667         4
         got     1.0000    1.0000    1.0000         1
         grc     1.0000    1.0000    1.0000         2
         grn     1.0000    1.0000    1.0000         1
         heb     1.0000    1.0000    1.0000       223
         hin     1.0000    1.0000    1.0000        24
         hrv     0.2000    0.2000    0.2000         5
         hun     0.9970    1.0000    0.9985       329
         hye     1.0000    1.0000    1.0000         2
         ido     1.0000    0.7778    0.8750         9
         ile     0.8750    0.7778    0.8235         9
         ilo     1.0000    0.5000    0.6667         2
         ina     0.9667    1.0000    0.9831        29
         ind     0.7647    1.0000    0.8667        13
         isl     1.0000    0.9375    0.9677        16
         ita     0.9947    0.9979    0.9963       933
         jbo     1.0000    1.0000    1.0000        20
         jpn     1.0000    1.0000    1.0000       262
         kab     0.8378    0.8158    0.8267       152
         kat     1.0000    1.0000    1.0000         4
         kaz     1.0000    1.0000    1.0000         2
         khm     1.0000    1.0000    1.0000         1
         kor     1.0000    1.0000    1.0000        10
         krl     1.0000    1.0000    1.0000         1
         kzj     1.0000    1.0000    1.0000         2
         lat     1.0000    0.9167    0.9565        48
         lfn     1.0000    0.8750    0.9333         8
         lit     1.0000    1.0000    1.0000        47
         lld     0.0000    0.0000    0.0000         0
         ltz     1.0000    1.0000    1.0000         1
         lvs     1.0000    0.7500    0.8571         4
         lzh     1.0000    1.0000    1.0000         2
         mar     1.0000    1.0000    1.0000        64
         mgm     0.0000    0.0000    0.0000         1
         mhr     1.0000    1.0000    1.0000         8
         mkd     0.9899    1.0000    0.9949        98
         mon     1.0000    1.0000    1.0000         1
         mri     1.0000    1.0000    1.0000         1
         mww     1.0000    1.0000    1.0000         1
         mya     1.0000    1.0000    1.0000         1
         nah     0.0000    0.0000    0.0000         1
         nds     0.9600    1.0000    0.9796        24
         nld     0.9846    0.9697    0.9771       132
         nob     1.0000    0.9231    0.9600        13
         nov     0.0000    0.0000    0.0000         0
         nst     1.0000    1.0000    1.0000         1
         oci     1.0000    1.0000    1.0000         7
         ori     1.0000    1.0000    1.0000         1
         orv     1.0000    1.0000    1.0000         1
         oss     1.0000    1.0000    1.0000         1
         ota     1.0000    1.0000    1.0000         2
         pam     1.0000    1.0000    1.0000         5
         pes     1.0000    1.0000    1.0000        31
         pms     1.0000    1.0000    1.0000         1
         pol     1.0000    1.0000    1.0000       122
         por     0.9910    0.9932    0.9921       442
         prg     0.6667    1.0000    0.8000         2
         rom     0.5000    1.0000    0.6667         1
         ron     0.9630    1.0000    0.9811        26
         run     0.6667    1.0000    0.8000         4
         rus     1.0000    0.9956    0.9978       903
         sah     1.0000    1.0000    1.0000         1
         shy     0.0000    0.0000    0.0000         1
         slk     1.0000    0.8333    0.9091         6
         slv     0.0000    0.0000    0.0000         1
         spa     0.9851    0.9925    0.9888       399
         sqi     1.0000    0.6667    0.8000         3
         srp     0.8974    0.8537    0.8750        41
         swe     0.9737    0.9737    0.9737        38
         swg     0.0000    0.0000    0.0000         0
         swh     1.0000    0.6667    0.8000         3
         tat     1.0000    1.0000    1.0000        20
         tgl     0.9474    1.0000    0.9730        18
         tha     1.0000    1.0000    1.0000         2
         thv     1.0000    1.0000    1.0000         1
         tlh     1.0000    1.0000    1.0000        14
        toki     1.0000    1.0000    1.0000        49
         tpw     1.0000    1.0000    1.0000         1
         tuk     1.0000    1.0000    1.0000         5
         tur     1.0000    0.9978    0.9989       895
         uig     1.0000    1.0000    1.0000         8
         ukr     0.9813    1.0000    0.9906       210
         urd     1.0000    1.0000    1.0000         3
         uzb     1.0000    1.0000    1.0000         2
         vie     1.0000    1.0000    1.0000        12
         vol     1.0000    1.0000    1.0000         3
         war     0.7500    1.0000    0.8571         3
         wuu     1.0000    1.0000    1.0000         4
         xal     1.0000    1.0000    1.0000         1
         yid     1.0000    1.0000    1.0000         3
         yue     1.0000    1.0000    1.0000         4
         zlm     0.0000    0.0000    0.0000         1
         zsm     1.0000    0.5000    0.6667         4
         zza     0.6667    1.0000    0.8000         2

    accuracy                         0.9865     10000
   macro avg     0.8558    0.8496    0.8461     10000
weighted avg     0.9869    0.9865    0.9864     10000
