              precision    recall  f1-score   support

         afb     0.0000    0.0000    0.0000         1
         afr     1.0000    1.0000    1.0000         7
         ara     0.9643    0.9818    0.9730        55
         arg     0.0000    0.0000    0.0000         1
         arq     0.5000    1.0000    0.6667         1
         arz     0.0000    0.0000    0.0000         1
         asm     1.0000    1.0000    1.0000         1
         ast     0.0000    0.0000    0.0000         1
         avk     0.8750    0.8750    0.8750         8
         aze     1.0000    1.0000    1.0000         3
         bel     1.0000    1.0000    1.0000        18
         ben     1.0000    1.0000    1.0000         3
         ber     0.9104    0.8789    0.8944       289
         bos     0.0000    0.0000    0.0000         1
         bre     0.7692    1.0000    0.8696        10
         bul     1.0000    0.9565    0.9778        23
         cat     1.0000    0.7778    0.8750         9
         cbk     1.0000    0.5000    0.6667         4
         ceb     1.0000    0.5000    0.6667         4
         ces     0.9722    0.9459    0.9589        37
         chv     1.0000    1.0000    1.0000         2
         ckt     1.0000    1.0000    1.0000         1
         cmn     1.0000    1.0000    1.0000        80
         cor     1.0000    1.0000    1.0000         2
         csb     1.0000    1.0000    1.0000         2
         cym     1.0000    1.0000    1.0000         2
         dan     0.9592    0.9592    0.9592        49
         deu     0.9982    1.0000    0.9991       570
         dsb     1.0000    1.0000    1.0000         1
         dtp     1.0000    1.0000    1.0000         2
         ell     1.0000    1.0000    1.0000        34
         eng     0.9994    0.9994    0.9994      1550
         epo     0.9986    0.9972    0.9979       718
         est     1.0000    1.0000    1.0000         6
         eus     1.0000    0.8750    0.9333         8
         fao     1.0000    1.0000    1.0000         1
         fin     0.9818    0.9939    0.9878       163
         fkv     0.0000    0.0000    0.0000         1
         fra     0.9940    1.0000    0.9970       495
         fry     0.0000    0.0000    0.0000         1
         gcf     1.0000    1.0000    1.0000         4
         gla     1.0000    0.6667    0.8000         3
         gle     1.0000    1.0000    1.0000         5
         glg     0.6000    0.7500    0.6667         4
         gos     1.0000    0.5000    0.6667         4
         got     1.0000    1.0000    1.0000         1
         grc     1.0000    1.0000    1.0000         2
         grn     1.0000    1.0000    1.0000         1
         heb     1.0000    1.0000    1.0000       223
         hin     1.0000    1.0000    1.0000        24
         hrv     0.3333    0.2000    0.2500         5
         hun     1.0000    0.9970    0.9985       329
         hye     1.0000    1.0000    1.0000         2
         ido     1.0000    0.7778    0.8750         9
         ile     1.0000    0.8889    0.9412         9
         ilo     1.0000    0.5000    0.6667         2
         ina     1.0000    1.0000    1.0000        29
         ind     0.8125    1.0000    0.8966        13
         isl     1.0000    0.9375    0.9677        16
         ita     0.9957    0.9968    0.9963       933
         jbo     1.0000    1.0000    1.0000        20
         jpn     1.0000    1.0000    1.0000       262
         kab     0.7892    0.8618    0.8239       152
         kat     1.0000    1.0000    1.0000         4
         kaz     1.0000    1.0000    1.0000         2
         khm     1.0000    1.0000    1.0000         1
         kor     1.0000    1.0000    1.0000        10
         krl     1.0000    1.0000    1.0000         1
         ksh     0.0000    0.0000    0.0000         0
         kzj     1.0000    1.0000    1.0000         2
         lat     1.0000    0.9583    0.9787        48
         lfn     1.0000    0.8750    0.9333         8
         lit     1.0000    1.0000    1.0000        47
         ltz     1.0000    1.0000    1.0000         1
         lvs     1.0000    0.7500    0.8571         4
         lzh     1.0000    1.0000    1.0000         2
         mar     1.0000    0.9844    0.9921        64
         mgm     0.0000    0.0000    0.0000         1
         mhr     1.0000    1.0000    1.0000         8
         mkd     1.0000    0.9898    0.9949        98
         mon     1.0000    1.0000    1.0000         1
         mri     1.0000    1.0000    1.0000         1
         mww     1.0000    1.0000    1.0000         1
         mya     1.0000    1.0000    1.0000         1
         nah     0.0000    0.0000    0.0000         1
         nds     1.0000    0.9583    0.9787        24
         nld     0.9776    0.9924    0.9850       132
         nob     0.9231    0.9231    0.9231        13
         nst     1.0000    1.0000    1.0000         1
         oci     1.0000    1.0000    1.0000         7
         ori     1.0000    1.0000    1.0000         1
         orv     1.0000    1.0000    1.0000         1
         oss     1.0000    1.0000    1.0000         1
         ota     1.0000    1.0000    1.0000         2
         pam     1.0000    1.0000    1.0000         5
         pes     1.0000    1.0000    1.0000        31
         pms     1.0000    1.0000    1.0000         1
         pol     1.0000    1.0000    1.0000       122
         por     0.9955    0.9955    0.9955       442
         prg     1.0000    1.0000    1.0000         2
         rom     1.0000    1.0000    1.0000         1
         ron     1.0000    1.0000    1.0000        26
         run     1.0000    1.0000    1.0000         4
         rus     0.9989    0.9978    0.9983       903
         sah     1.0000    1.0000    1.0000         1
         san     0.0000    0.0000    0.0000         0
         shy     0.0000    0.0000    0.0000         1
         slk     0.7500    1.0000    0.8571         6
         slv     0.0000    0.0000    0.0000         1
         spa     0.9827    0.9975    0.9900       399
         sqi     1.0000    0.6667    0.8000         3
         srp     0.8333    0.9756    0.8989        41
         swe     1.0000    1.0000    1.0000        38
         swh     1.0000    1.0000    1.0000         3
         tat     1.0000    1.0000    1.0000        20
         tgl     0.9474    1.0000    0.9730        18
         tha     1.0000    1.0000    1.0000         2
         thv     1.0000    1.0000    1.0000         1
         tlh     1.0000    0.9286    0.9630        14
        toki     1.0000    1.0000    1.0000        49
         tpw     1.0000    1.0000    1.0000         1
         tuk     1.0000    1.0000    1.0000         5
         tur     1.0000    0.9989    0.9994       895
         uig     1.0000    1.0000    1.0000         8
         ukr     0.9906    1.0000    0.9953       210
         urd     1.0000    1.0000    1.0000         3
         uzb     1.0000    1.0000    1.0000         2
         vie     1.0000    1.0000    1.0000        12
         vol     1.0000    1.0000    1.0000         3
         war     0.7500    1.0000    0.8571         3
         wuu     1.0000    1.0000    1.0000         4
         xal     1.0000    1.0000    1.0000         1
         yid     1.0000    1.0000    1.0000         3
         yue     1.0000    1.0000    1.0000         4
         zlm     0.0000    0.0000    0.0000         1
         zsm     1.0000    0.7500    0.8571         4
         zza     0.6667    1.0000    0.8000         2

    accuracy                         0.9878     10000
   macro avg     0.8706    0.8544    0.8575     10000
weighted avg     0.9874    0.9878    0.9873     10000
