              precision    recall  f1-score   support

         afb     0.0000    0.0000    0.0000         1
         afr     0.8571    0.8571    0.8571         7
         ara     0.9636    0.9636    0.9636        55
         arg     0.0000    0.0000    0.0000         1
         arq     0.3333    1.0000    0.5000         1
         arz     0.0000    0.0000    0.0000         1
         asm     1.0000    1.0000    1.0000         1
         ast     0.0000    0.0000    0.0000         1
         avk     0.8750    0.8750    0.8750         8
         aze     0.6667    0.6667    0.6667         3
         bel     0.9444    0.9444    0.9444        18
         ben     1.0000    1.0000    1.0000         3
         ber     0.8807    0.8685    0.8746       289
         bos     0.0000    0.0000    0.0000         1
         bre     0.8333    1.0000    0.9091        10
         bul     0.8148    0.9565    0.8800        23
         cat     1.0000    0.4444    0.6154         9
         cbk     1.0000    0.2500    0.4000         4
         ceb     0.0000    0.0000    0.0000         4
         ces     0.9474    0.9730    0.9600        37
         chv     1.0000    0.5000    0.6667         2
         ckt     1.0000    1.0000    1.0000         1
         cmn     1.0000    1.0000    1.0000        80
         cor     0.6667    1.0000    0.8000         2
         csb     1.0000    0.5000    0.6667         2
         cym     1.0000    0.5000    0.6667         2
         dan     0.9216    0.9592    0.9400        49
         deu     0.9965    1.0000    0.9982       570
         dsb     0.0000    0.0000    0.0000         1
         dtp     0.3333    1.0000    0.5000         2
         ell     1.0000    1.0000    1.0000        34
         eng     0.9987    0.9987    0.9987      1550
         epo     0.9958    0.9972    0.9965       718
         est     0.7500    0.5000    0.6000         6
         eus     1.0000    0.8750    0.9333         8
         fao     0.0000    0.0000    0.0000         1
         fin     0.9877    0.9816    0.9846       163
         fkv     0.0000    0.0000    0.0000         1
         fra     0.9821    0.9960    0.9890       495
         fry     0.0000    0.0000    0.0000         1
         gcf     0.8000    1.0000    0.8889         4
         gla     1.0000    0.6667    0.8000         3
         gle     1.0000    1.0000    1.0000         5
         glg     1.0000    0.7500    0.8571         4
         gos     1.0000    0.5000    0.6667         4
         got     1.0000    1.0000    1.0000         1
         grc     1.0000    1.0000    1.0000         2
         grn     1.0000    1.0000    1.0000         1
         heb     1.0000    1.0000    1.0000       223
         hin     1.0000    1.0000    1.0000        24
         hrv     0.1429    0.2000    0.1667         5
         hsb     0.0000    0.0000    0.0000         0
         hun     0.9909    0.9970    0.9939       329
         hye     1.0000    1.0000    1.0000         2
         ido     0.8571    0.6667    0.7500         9
         ile     1.0000    0.5556    0.7143         9
         ilo     0.0000    0.0000    0.0000         2
         ina     0.8667    0.8966    0.8814        29
         ind     0.6500    1.0000    0.7879        13
         isl     0.8824    0.9375    0.9091        16
         ita     0.9904    0.9936    0.9920       933
         jbo     1.0000    0.9500    0.9744        20
         jpn     1.0000    1.0000    1.0000       262
         kab     0.7643    0.7895    0.7767       152
         kat     1.0000    1.0000    1.0000         4
         kaz     0.6667    1.0000    0.8000         2
         khm     1.0000    1.0000    1.0000         1
         kor     1.0000    1.0000    1.0000        10
         krl     0.0000    0.0000    0.0000         1
         kzj     1.0000    0.5000    0.6667         2
         lat     1.0000    0.9375    0.9677        48
         lfn     0.7500    0.7500    0.7500         8
         lit     0.9792    1.0000    0.9895        47
         ltz     0.0000    0.0000    0.0000         1
         lvs     1.0000    0.7500    0.8571         4
         lzh     1.0000    1.0000    1.0000         2
         mar     1.0000    1.0000    1.0000        64
         mgm     0.0000    0.0000    0.0000         1
         mhr     0.8889    1.0000    0.9412         8
         mkd     1.0000    0.9490    0.9738        98
         mon     0.0000    0.0000    0.0000         1
         mri     0.0000    0.0000    0.0000         1
         mww     0.0000    0.0000    0.0000         1
         mya     1.0000    1.0000    1.0000         1
         nah     0.0000    0.0000    0.0000         1
         nds     0.9583    0.9583    0.9583        24
         nld     0.9627    0.9773    0.9699       132
         nob     0.8333    0.7692    0.8000        13
         nst     1.0000    1.0000    1.0000         1
         oci     1.0000    0.8571    0.9231         7
         ori     1.0000    1.0000    1.0000         1
         orv     1.0000    1.0000    1.0000         1
         oss     1.0000    1.0000    1.0000         1
         ota     1.0000    0.5000    0.6667         2
         pam     0.8000    0.8000    0.8000         5
         pes     0.9688    1.0000    0.9841        31
         pms     0.5000    1.0000    0.6667         1
         pol     0.9919    1.0000    0.9959       122
         por     0.9955    0.9932    0.9943       442
         prg     0.6667    1.0000    0.8000         2
         rom     0.0000    0.0000    0.0000         1
         ron     0.9630    1.0000    0.9811        26
         run     0.8000    1.0000    0.8889         4
         rus     0.9912    1.0000    0.9956       903
         sah     1.0000    1.0000    1.0000         1
         shy     0.0000    0.0000    0.0000         1
         slk     0.7500    1.0000    0.8571         6
         slv     0.0000    0.0000    0.0000         1
         spa     0.9730    0.9925    0.9826       399
         sqi     1.0000    0.3333    0.5000         3
         srp     0.8605    0.9024    0.8810        41
         swe     0.9024    0.9737    0.9367        38
         swh     1.0000    0.3333    0.5000         3
         tat     1.0000    1.0000    1.0000        20
         tgl     0.9000    1.0000    0.9474        18
         tha     1.0000    1.0000    1.0000         2
         thv     0.0000    0.0000    0.0000         1
         tlh     1.0000    0.9286    0.9630        14
        toki     1.0000    0.9796    0.9897        49
         tpw     0.0000    0.0000    0.0000         1
         tuk     0.8000    0.8000    0.8000         5
         tur     0.9911    0.9978    0.9944       895
         uig     1.0000    1.0000    1.0000         8
         ukr     1.0000    0.9714    0.9855       210
         urd     1.0000    1.0000    1.0000         3
         uzb     0.0000    0.0000    0.0000         2
         vie     1.0000    1.0000    1.0000        12
         vol     1.0000    1.0000    1.0000         3
         war     0.5000    0.6667    0.5714         3
         wuu     1.0000    1.0000    1.0000         4
         xal     0.0000    0.0000    0.0000         1
         yid     1.0000    1.0000    1.0000         3
         yue     1.0000    1.0000    1.0000         4
         zlm     0.0000    0.0000    0.0000         1
         zsm     0.0000    0.0000    0.0000         4
         zza     0.0000    0.0000    0.0000         2

    accuracy                         0.9783     10000
   macro avg     0.7212    0.6995    0.6958     10000
weighted avg     0.9762    0.9783    0.9765     10000
