              precision    recall  f1-score   support

         afb     0.0000    0.0000    0.0000         1
         afr     1.0000    0.8571    0.9231         7
         ara     0.9643    0.9818    0.9730        55
         arg     0.0000    0.0000    0.0000         1
         arq     0.5000    1.0000    0.6667         1
         arz     0.0000    0.0000    0.0000         1
         asm     1.0000    1.0000    1.0000         1
         ast     0.0000    0.0000    0.0000         1
         avk     1.0000    0.8750    0.9333         8
         aze     1.0000    1.0000    1.0000         3
         bel     1.0000    0.9444    0.9714        18
         ben     1.0000    1.0000    1.0000         3
         ber     0.9015    0.8547    0.8774       289
         bos     0.0000    0.0000    0.0000         1
         bre     1.0000    1.0000    1.0000        10
         bul     0.9545    0.9130    0.9333        23
         cat     1.0000    0.7778    0.8750         9
         cbk     1.0000    0.5000    0.6667         4
         ceb     0.0000    0.0000    0.0000         4
         ces     0.9722    0.9459    0.9589        37
         chv     1.0000    1.0000    1.0000         2
         ckt     1.0000    1.0000    1.0000         1
         cmn     0.9756    1.0000    0.9877        80
         cor     0.6667    1.0000    0.8000         2
         csb     1.0000    1.0000    1.0000         2
         cym     1.0000    0.5000    0.6667         2
         dan     0.9400    0.9592    0.9495        49
         deu     0.9948    1.0000    0.9974       570
         dsb     1.0000    1.0000    1.0000         1
         dtp     0.6667    1.0000    0.8000         2
         ell     1.0000    1.0000    1.0000        34
         eng     0.9987    0.9981    0.9984      1550
         epo     0.9945    0.9986    0.9965       718
         est     0.6000    0.5000    0.5455         6
         eus     0.8750    0.8750    0.8750         8
         fao     0.0000    0.0000    0.0000         1
         fin     0.9759    0.9939    0.9848       163
         fkv     0.0000    0.0000    0.0000         1
         fra     0.9940    0.9980    0.9960       495
         fry     0.0000    0.0000    0.0000         1
         gcf     1.0000    1.0000    1.0000         4
         gla     1.0000    0.6667    0.8000         3
         gle     1.0000    1.0000    1.0000         5
         glg     1.0000    0.2500    0.4000         4
         gos     0.7500    0.7500    0.7500         4
         got     1.0000    1.0000    1.0000         1
         grc     1.0000    1.0000    1.0000         2
         grn     0.5000    1.0000    0.6667         1
         heb     1.0000    1.0000    1.0000       223
         hin     1.0000    1.0000    1.0000        24
         hrv     1.0000    0.2000    0.3333         5
         hun     0.9850    0.9970    0.9909       329
         hye     1.0000    1.0000    1.0000         2
         ido     1.0000    0.6667    0.8000         9
         ile     1.0000    0.6667    0.8000         9
         ilo     0.5000    0.5000    0.5000         2
         ina     0.9062    1.0000    0.9508        29
         ind     0.7647    1.0000    0.8667        13
         isl     0.8333    0.9375    0.8824        16
         ita     0.9957    0.9946    0.9952       933
         jbo     0.9500    0.9500    0.9500        20
         jpn     1.0000    0.9962    0.9981       262
         kab     0.7545    0.8289    0.7900       152
         kat     1.0000    1.0000    1.0000         4
         kaz     0.6667    1.0000    0.8000         2
         khm     1.0000    1.0000    1.0000         1
         kor     1.0000    1.0000    1.0000        10
         krl     0.0000    0.0000    0.0000         1
         kzj     1.0000    1.0000    1.0000         2
         lat     0.9783    0.9375    0.9574        48
         lfn     0.6667    0.7500    0.7059         8
         lit     1.0000    1.0000    1.0000        47
         ltz     0.0000    0.0000    0.0000         1
         lvs     1.0000    0.7500    0.8571         4
         lzh     1.0000    0.5000    0.6667         2
         mar     1.0000    1.0000    1.0000        64
         mgm     0.0000    0.0000    0.0000         1
         mhr     0.8889    1.0000    0.9412         8
         mkd     1.0000    0.9796    0.9897        98
         mon     1.0000    1.0000    1.0000         1
         mri     1.0000    1.0000    1.0000         1
         mww     0.0000    0.0000    0.0000         1
         mya     1.0000    1.0000    1.0000         1
         nah     0.0000    0.0000    0.0000         1
         nds     0.9583    0.9583    0.9583        24
         nld     0.9697    0.9697    0.9697       132
         nob     0.7857    0.8462    0.8148        13
         nst     1.0000    1.0000    1.0000         1
         oci     1.0000    0.8571    0.9231         7
         ori     1.0000    1.0000    1.0000         1
         orv     0.5000    1.0000    0.6667         1
         oss     1.0000    1.0000    1.0000         1
         ota     1.0000    0.5000    0.6667         2
         pam     1.0000    0.8000    0.8889         5
         pes     0.9688    1.0000    0.9841        31
         pms     1.0000    1.0000    1.0000         1
         pol     0.9919    1.0000    0.9959       122
         por     0.9910    0.9932    0.9921       442
         prg     1.0000    1.0000    1.0000         2
         que     0.0000    0.0000    0.0000         0
         rom     1.0000    1.0000    1.0000         1
         ron     0.9630    1.0000    0.9811        26
         run     1.0000    1.0000    1.0000         4
         rus     0.9978    0.9978    0.9978       903
         sah     1.0000    1.0000    1.0000         1
         shy     0.0000    0.0000    0.0000         1
         slk     0.6000    1.0000    0.7500         6
         slv     0.0000    0.0000    0.0000         1
         spa     0.9681    0.9900    0.9789       399
         sqi     1.0000    0.3333    0.5000         3
         srp     0.8511    0.9756    0.9091        41
         swe     0.9737    0.9737    0.9737        38
         swg     0.0000    0.0000    0.0000         0
         swh     1.0000    0.3333    0.5000         3
         tat     1.0000    1.0000    1.0000        20
         tgl     0.9000    1.0000    0.9474        18
         tha     1.0000    1.0000    1.0000         2
         thv     0.0000    0.0000    0.0000         1
         tlh     1.0000    0.9286    0.9630        14
        toki     1.0000    1.0000    1.0000        49
         tpw     0.0000    0.0000    0.0000         1
         tuk     1.0000    0.8000    0.8889         5
         tur     0.9967    0.9978    0.9972       895
         uig     1.0000    1.0000    1.0000         8
         ukr     0.9905    0.9952    0.9929       210
         urd     1.0000    1.0000    1.0000         3
         uzb     1.0000    0.5000    0.6667         2
         vie     1.0000    1.0000    1.0000        12
         vol     1.0000    1.0000    1.0000         3
         war     0.5000    0.6667    0.5714         3
         wuu     1.0000    1.0000    1.0000         4
         xal     1.0000    1.0000    1.0000         1
         yid     1.0000    1.0000    1.0000         3
         yue     1.0000    1.0000    1.0000         4
         zlm     0.0000    0.0000    0.0000         1
         zsm     0.5000    0.2500    0.3333         4
         zza     0.6667    1.0000    0.8000         2

    accuracy                         0.9816     10000
   macro avg     0.7897    0.7625    0.7619     10000
weighted avg     0.9806    0.9816    0.9803     10000
