              precision    recall  f1-score   support

         afb     0.0000    0.0000    0.0000         1
         afr     1.0000    1.0000    1.0000         7
         ara     0.9643    0.9818    0.9730        55
         arg     0.0000    0.0000    0.0000         1
         arq     0.5000    1.0000    0.6667         1
         arz     0.0000    0.0000    0.0000         1
         asm     1.0000    1.0000    1.0000         1
         ast     0.0000    0.0000    0.0000         1
         avk     0.8750    0.8750    0.8750         8
         aze     1.0000    1.0000    1.0000         3
         bel     1.0000    0.9444    0.9714        18
         ben     1.0000    1.0000    1.0000         3
         ber     0.8919    0.9135    0.9026       289
         bos     0.0000    0.0000    0.0000         1
         bre     0.8333    1.0000    0.9091        10
         bul     0.9583    1.0000    0.9787        23
         cat     1.0000    0.8889    0.9412         9
         cbk     0.6667    0.5000    0.5714         4
         ceb     0.5000    0.2500    0.3333         4
         ces     0.9250    1.0000    0.9610        37
         chv     1.0000    1.0000    1.0000         2
         ckt     1.0000    1.0000    1.0000         1
         cmn     1.0000    0.9875    0.9937        80
         cor     1.0000    1.0000    1.0000         2
         csb     1.0000    1.0000    1.0000         2
         cym     1.0000    1.0000    1.0000         2
         dan     0.9400    0.9592    0.9495        49
         deu     0.9982    1.0000    0.9991       570
         dsb     1.0000    1.0000    1.0000         1
         dtp     0.5000    0.5000    0.5000         2
         ell     1.0000    1.0000    1.0000        34
         eng     0.9987    0.9987    0.9987      1550
         epo     0.9958    0.9972    0.9965       718
         est     0.8000    0.6667    0.7273         6
         eus     1.0000    0.8750    0.9333         8
         fao     0.0000    0.0000    0.0000         1
         fin     0.9879    1.0000    0.9939       163
         fkv     0.0000    0.0000    0.0000         1
         fra     0.9980    0.9960    0.9970       495
         fry     0.0000    0.0000    0.0000         1
         gcf     1.0000    1.0000    1.0000         4
         gla     1.0000    0.6667    0.8000         3
         gle     0.8333    1.0000    0.9091         5
         glg     1.0000    0.7500    0.8571         4
         gos     1.0000    0.5000    0.6667         4
         got     1.0000    1.0000    1.0000         1
         grc     1.0000    1.0000    1.0000         2
         grn     1.0000    1.0000    1.0000         1
         gsw     0.0000    0.0000    0.0000         0
         heb     1.0000    1.0000    1.0000       223
         hin     1.0000    1.0000    1.0000        24
         hrv     0.5000    0.4000    0.4444         5
         hrx     0.0000    0.0000    0.0000         0
         hun     0.9970    0.9970    0.9970       329
         hye     1.0000    1.0000    1.0000         2
         ido     1.0000    0.6667    0.8000         9
         ile     0.8000    0.8889    0.8421         9
         ilo     0.0000    0.0000    0.0000         2
         ina     0.9355    1.0000    0.9667        29
         ind     0.6842    1.0000    0.8125        13
         isl     0.9375    0.9375    0.9375        16
         ita     0.9957    0.9936    0.9946       933
         jbo     1.0000    0.9500    0.9744        20
         jpn     1.0000    1.0000    1.0000       262
         kab     0.8311    0.8092    0.8200       152
         kat     1.0000    1.0000    1.0000         4
         kaz     1.0000    1.0000    1.0000         2
         khm     1.0000    1.0000    1.0000         1
         kor     1.0000    1.0000    1.0000        10
         krl     0.0000    0.0000    0.0000         1
         kzj     0.6667    1.0000    0.8000         2
         lat     1.0000    0.9375    0.9677        48
         lfn     0.8750    0.8750    0.8750         8
         lit     1.0000    1.0000    1.0000        47
         ltz     0.0000    0.0000    0.0000         1
         lvs     1.0000    0.7500    0.8571         4
         lzh     1.0000    1.0000    1.0000         2
         mar     1.0000    1.0000    1.0000        64
         mgm     0.0000    0.0000    0.0000         1
         mhr     0.8889    1.0000    0.9412         8
         mkd     1.0000    0.9796    0.9897        98
         mon     1.0000    1.0000    1.0000         1
         mri     1.0000    1.0000    1.0000         1
         mww     0.0000    0.0000    0.0000         1
         mya     1.0000    1.0000    1.0000         1
         nah     0.0000    0.0000    0.0000         1
         nds     0.9565    0.9167    0.9362        24
         nld     0.9704    0.9924    0.9813       132
         nob     0.9167    0.8462    0.8800        13
         nst     1.0000    1.0000    1.0000         1
         oci     1.0000    0.8571    0.9231         7
         ori     1.0000    1.0000    1.0000         1
         orv     1.0000    1.0000    1.0000         1
         oss     1.0000    1.0000    1.0000         1
         ota     1.0000    0.5000    0.6667         2
         pam     1.0000    0.6000    0.7500         5
         pes     0.9688    1.0000    0.9841        31
         pms     1.0000    1.0000    1.0000         1
         pol     1.0000    1.0000    1.0000       122
         por     0.9977    0.9932    0.9955       442
         prg     0.6667    1.0000    0.8000         2
         rom     1.0000    1.0000    1.0000         1
         ron     0.9630    1.0000    0.9811        26
         run     0.8000    1.0000    0.8889         4
         rus     0.9967    0.9967    0.9967       903
         sah     1.0000    1.0000    1.0000         1
         shy     0.0000    0.0000    0.0000         1
         slk     1.0000    0.5000    0.6667         6
         slv     0.0000    0.0000    0.0000         1
         spa     0.9683    0.9950    0.9815       399
         sqi     1.0000    0.3333    0.5000         3
         srp     0.8667    0.9512    0.9070        41
         swe     0.9500    1.0000    0.9744        38
         swg     0.0000    0.0000    0.0000         0
         swh     0.5000    0.3333    0.4000         3
         tat     1.0000    1.0000    1.0000        20
         tgl     0.9000    1.0000    0.9474        18
         tha     1.0000    1.0000    1.0000         2
         thv     1.0000    1.0000    1.0000         1
         tlh     1.0000    1.0000    1.0000        14
        toki     1.0000    1.0000    1.0000        49
         tpw     1.0000    1.0000    1.0000         1
         tuk     1.0000    0.8000    0.8889         5
         tur     0.9967    0.9978    0.9972       895
         uig     1.0000    1.0000    1.0000         8
         ukr     0.9858    0.9905    0.9881       210
         urd     1.0000    1.0000    1.0000         3
         uzb     1.0000    1.0000    1.0000         2
         vie     1.0000    1.0000    1.0000        12
         vol     1.0000    1.0000    1.0000         3
         war     0.6000    1.0000    0.7500         3
         wuu     0.8000    1.0000    0.8889         4
         xal     1.0000    1.0000    1.0000         1
         xho     0.0000    0.0000    0.0000         0
         yid     1.0000    1.0000    1.0000         3
         yue     1.0000    1.0000    1.0000         4
         zlm     0.0000    0.0000    0.0000         1
         zsm     0.0000    0.0000    0.0000         4
         zza     1.0000    1.0000    1.0000         2

    accuracy                         0.9844     10000
   macro avg     0.7920    0.7773    0.7777     10000
weighted avg     0.9830    0.9844    0.9833     10000
