              precision    recall  f1-score   support

         afb     0.0000    0.0000    0.0000         1
         afr     1.0000    1.0000    1.0000         7
         ara     0.9636    0.9636    0.9636        55
         arg     0.0000    0.0000    0.0000         1
         arq     0.5000    1.0000    0.6667         1
         arz     0.0000    0.0000    0.0000         1
         asm     1.0000    1.0000    1.0000         1
         ast     0.0000    0.0000    0.0000         1
         avk     0.8000    1.0000    0.8889         8
         awa     0.0000    0.0000    0.0000         0
         aze     1.0000    1.0000    1.0000         3
         bel     1.0000    1.0000    1.0000        18
         ben     1.0000    1.0000    1.0000         3
         ber     0.8859    0.9135    0.8995       289
         bos     0.0000    0.0000    0.0000         1
         bre     1.0000    1.0000    1.0000        10
         bul     1.0000    1.0000    1.0000        23
         bvy     0.0000    0.0000    0.0000         0
         cat     1.0000    0.8889    0.9412         9
         cbk     1.0000    0.5000    0.6667         4
         ceb     1.0000    0.5000    0.6667         4
         ces     1.0000    0.8649    0.9275        37
         chv     1.0000    1.0000    1.0000         2
         ckt     1.0000    1.0000    1.0000         1
         cmn     1.0000    0.9875    0.9937        80
         cor     1.0000    1.0000    1.0000         2
         csb     1.0000    1.0000    1.0000         2
         cym     1.0000    1.0000    1.0000         2
         dan     0.8889    0.9796    0.9320        49
         deu     1.0000    1.0000    1.0000       570
         dsb     1.0000    1.0000    1.0000         1
         dtp     1.0000    0.5000    0.6667         2
         egl     0.0000    0.0000    0.0000         0
         ell     1.0000    1.0000    1.0000        34
         eng     0.9994    0.9987    0.9990      1550
         epo     0.9986    0.9986    0.9986       718
         est     1.0000    1.0000    1.0000         6
         eus     1.0000    0.8750    0.9333         8
         fao     0.5000    1.0000    0.6667         1
         fin     0.9879    1.0000    0.9939       163
         fkv     1.0000    1.0000    1.0000         1
         fra     0.9980    0.9980    0.9980       495
         fry     0.0000    0.0000    0.0000         1
         gcf     0.8000    1.0000    0.8889         4
         gla     1.0000    0.6667    0.8000         3
         gle     1.0000    1.0000    1.0000         5
         glg     0.6000    0.7500    0.6667         4
         gos     1.0000    0.5000    0.6667         4
         got     1.0000    1.0000    1.0000         1
         grc     1.0000    1.0000    1.0000         2
         grn     1.0000    1.0000    1.0000         1
         heb     1.0000    1.0000    1.0000       223
         hin     1.0000    1.0000    1.0000        24
         hrv     0.4000    0.4000    0.4000         5
         hun     1.0000    1.0000    1.0000       329
         hye     1.0000    1.0000    1.0000         2
         ido     1.0000    0.7778    0.8750         9
         ile     0.8889    0.8889    0.8889         9
         ilo     1.0000    0.5000    0.6667         2
         ina     0.9667    1.0000    0.9831        29
         ind     0.8000    0.9231    0.8571        13
         isl     1.0000    0.9375    0.9677        16
         ita     0.9989    0.9957    0.9973       933
         jbo     1.0000    1.0000    1.0000        20
         jpn     1.0000    1.0000    1.0000       262
         kab     0.8403    0.7961    0.8176       152
         kat     1.0000    1.0000    1.0000         4
         kaz     1.0000    1.0000    1.0000         2
         khm     1.0000    1.0000    1.0000         1
         kor     1.0000    1.0000    1.0000        10
         krl     1.0000    1.0000    1.0000         1
         kzj     0.6667    1.0000    0.8000         2
         lat     0.9783    0.9375    0.9574        48
         lfn     1.0000    0.8750    0.9333         8
         lit     1.0000    0.9787    0.9892        47
         ltz     1.0000    1.0000    1.0000         1
         lvs     1.0000    0.7500    0.8571         4
         lzh     1.0000    1.0000    1.0000         2
         mar     1.0000    0.9844    0.9921        64
         mgm     0.0000    0.0000    0.0000         1
         mhr     1.0000    1.0000    1.0000         8
         mkd     0.9897    0.9796    0.9846        98
         mon     1.0000    1.0000    1.0000         1
         mri     1.0000    1.0000    1.0000         1
         mww     1.0000    1.0000    1.0000         1
         mya     1.0000    1.0000    1.0000         1
         nah     0.0000    0.0000    0.0000         1
         nds     0.9600    1.0000    0.9796        24
         nld     0.9774    0.9848    0.9811       132
         nob     1.0000    0.6923    0.8182        13
         nst     1.0000    1.0000    1.0000         1
         oci     1.0000    1.0000    1.0000         7
         ori     1.0000    1.0000    1.0000         1
         orv     1.0000    1.0000    1.0000         1
         oss     1.0000    1.0000    1.0000         1
         ota     1.0000    1.0000    1.0000         2
         pam     1.0000    1.0000    1.0000         5
         pes     0.9688    1.0000    0.9841        31
         pms     1.0000    1.0000    1.0000         1
         pol     1.0000    1.0000    1.0000       122
         por     0.9910    0.9977    0.9944       442
         prg     1.0000    1.0000    1.0000         2
         rom     1.0000    1.0000    1.0000         1
         ron     0.9630    1.0000    0.9811        26
         run     0.6667    1.0000    0.8000         4
         rus     0.9967    0.9978    0.9972       903
         sah     1.0000    1.0000    1.0000         1
         shy     0.0000    0.0000    0.0000         1
         slk     0.5455    1.0000    0.7059         6
         slv     0.0000    0.0000    0.0000         1
         spa     0.9778    0.9950    0.9863       399
         sqi     1.0000    0.6667    0.8000         3
         srp     0.9024    0.9024    0.9024        41
         swe     0.9730    0.9474    0.9600        38
         swg     0.0000    0.0000    0.0000         0
         swh     1.0000    0.6667    0.8000         3
         tat     1.0000    1.0000    1.0000        20
         tgl     0.9474    1.0000    0.9730        18
         tha     1.0000    1.0000    1.0000         2
         thv     0.5000    1.0000    0.6667         1
         tlh     1.0000    0.9286    0.9630        14
        toki     1.0000    1.0000    1.0000        49
         tpw     1.0000    1.0000    1.0000         1
         tuk     1.0000    1.0000    1.0000         5
         tur     0.9989    1.0000    0.9994       895
         uig     1.0000    1.0000    1.0000         8
         ukr     0.9905    0.9905    0.9905       210
         urd     1.0000    1.0000    1.0000         3
         uzb     1.0000    1.0000    1.0000         2
         vie     1.0000    1.0000    1.0000        12
         vol     0.7500    1.0000    0.8571         3
         war     1.0000    1.0000    1.0000         3
         wuu     0.8000    1.0000    0.8889         4
         xal     1.0000    1.0000    1.0000         1
         yid     1.0000    1.0000    1.0000         3
         yue     1.0000    1.0000    1.0000         4
         zlm     0.0000    0.0000    0.0000         1
         zsm     0.7500    0.7500    0.7500         4
         zza     1.0000    1.0000    1.0000         2

    accuracy                         0.9864     10000
   macro avg     0.8497    0.8427    0.8386     10000
weighted avg     0.9865    0.9864    0.9861     10000
