              precision    recall  f1-score   support

         afb     0.0000    0.0000    0.0000         1
         afr     1.0000    1.0000    1.0000         7
         ara     0.9464    0.9636    0.9550        55
         arg     0.0000    0.0000    0.0000         1
         arq     0.0000    0.0000    0.0000         1
         arz     0.0000    0.0000    0.0000         1
         asm     1.0000    1.0000    1.0000         1
         ast     0.0000    0.0000    0.0000         1
         avk     1.0000    0.8750    0.9333         8
         aze     0.7500    1.0000    0.8571         3
         bel     1.0000    1.0000    1.0000        18
         ben     1.0000    1.0000    1.0000         3
         ber     0.9022    0.8616    0.8814       289
         bos     0.0000    0.0000    0.0000         1
         bre     0.9091    1.0000    0.9524        10
         bul     0.9583    1.0000    0.9787        23
         cat     0.8000    0.8889    0.8421         9
         cbk     1.0000    0.5000    0.6667         4
         ceb     1.0000    0.2500    0.4000         4
         ces     0.9730    0.9730    0.9730        37
         chv     1.0000    1.0000    1.0000         2
         ckt     1.0000    1.0000    1.0000         1
         cmn     1.0000    1.0000    1.0000        80
         cor     1.0000    1.0000    1.0000         2
         csb     1.0000    1.0000    1.0000         2
         cym     1.0000    1.0000    1.0000         2
         dan     0.8889    0.9796    0.9320        49
         deu     0.9982    1.0000    0.9991       570
         dsb     0.0000    0.0000    0.0000         1
         dtp     1.0000    1.0000    1.0000         2
         ell     1.0000    1.0000    1.0000        34
         eng     0.9987    0.9994    0.9990      1550
         epo     0.9972    0.9972    0.9972       718
         est     1.0000    0.6667    0.8000         6
         eus     1.0000    1.0000    1.0000         8
         fao     0.0000    0.0000    0.0000         1
         fin     1.0000    0.9939    0.9969       163
         fkv     1.0000    1.0000    1.0000         1
         fra     1.0000    0.9960    0.9980       495
         fry     0.0000    0.0000    0.0000         1
         gcf     1.0000    1.0000    1.0000         4
         gla     1.0000    0.6667    0.8000         3
         gle     1.0000    1.0000    1.0000         5
         glg     0.7500    0.7500    0.7500         4
         gos     1.0000    0.5000    0.6667         4
         got     1.0000    1.0000    1.0000         1
         grc     1.0000    1.0000    1.0000         2
         grn     1.0000    1.0000    1.0000         1
         hat     0.0000    0.0000    0.0000         0
         heb     1.0000    1.0000    1.0000       223
         hin     1.0000    1.0000    1.0000        24
         hrv     0.2500    0.4000    0.3077         5
         hsb     0.0000    0.0000    0.0000         0
         hun     0.9940    1.0000    0.9970       329
         hye     1.0000    1.0000    1.0000         2
         ido     0.8750    0.7778    0.8235         9
         ile     1.0000    1.0000    1.0000         9
         ilo     1.0000    0.5000    0.6667         2
         ina     0.9333    0.9655    0.9492        29
         ind     0.6842    1.0000    0.8125        13
         isl     0.9375    0.9375    0.9375        16
         ita     0.9957    0.9957    0.9957       933
         jbo     1.0000    1.0000    1.0000        20
         jpn     1.0000    1.0000    1.0000       262
         kab     0.7665    0.8421    0.8025       152
         kat     1.0000    1.0000    1.0000         4
         kaz     1.0000    1.0000    1.0000         2
         khm     1.0000    1.0000    1.0000         1
         kor     1.0000    1.0000    1.0000        10
         krl     1.0000    1.0000    1.0000         1
         ksh     0.0000    0.0000    0.0000         0
         kum     0.0000    0.0000    0.0000         0
         kzj     1.0000    1.0000    1.0000         2
         lat     1.0000    0.9375    0.9677        48
         lfn     1.0000    0.8750    0.9333         8
         lit     0.9792    1.0000    0.9895        47
         ltz     0.0000    0.0000    0.0000         1
         lvs     1.0000    1.0000    1.0000         4
         lzh     1.0000    1.0000    1.0000         2
         mar     1.0000    0.9844    0.9921        64
         max     0.0000    0.0000    0.0000         0
         mgm     0.0000    0.0000    0.0000         1
         mhr     1.0000    1.0000    1.0000         8
         min     0.0000    0.0000    0.0000         0
         mkd     1.0000    0.9796    0.9897        98
         mon     1.0000    1.0000    1.0000         1
         mri     1.0000    1.0000    1.0000         1
         mww     0.0000    0.0000    0.0000         1
         mya     1.0000    1.0000    1.0000         1
         nah     0.0000    0.0000    0.0000         1
         nds     1.0000    0.9167    0.9565        24
         nld     0.9701    0.9848    0.9774       132
         nob     1.0000    0.7692    0.8696        13
         nst     1.0000    1.0000    1.0000         1
         oci     1.0000    0.8571    0.9231         7
         ori     1.0000    1.0000    1.0000         1
         orv     1.0000    1.0000    1.0000         1
         oss     1.0000    1.0000    1.0000         1
         ota     0.6667    1.0000    0.8000         2
         pam     1.0000    0.6000    0.7500         5
         pes     1.0000    0.9677    0.9836        31
         pms     1.0000    1.0000    1.0000         1
         pol     1.0000    1.0000    1.0000       122
         por     0.9932    0.9977    0.9955       442
         prg     1.0000    1.0000    1.0000         2
         rom     1.0000    1.0000    1.0000         1
         ron     1.0000    1.0000    1.0000        26
         run     0.8000    1.0000    0.8889         4
         rus     0.9956    0.9967    0.9961       903
         sah     1.0000    1.0000    1.0000         1
         san     0.0000    0.0000    0.0000         0
         shy     0.0000    0.0000    0.0000         1
         slk     0.8333    0.8333    0.8333         6
         slv     0.0000    0.0000    0.0000         1
         spa     0.9777    0.9900    0.9838       399
         sqi     1.0000    0.3333    0.5000         3
         srp     0.8810    0.9024    0.8916        41
         swe     0.9737    0.9737    0.9737        38
         swh     1.0000    0.3333    0.5000         3
         tat     1.0000    1.0000    1.0000        20
         tgl     0.9474    1.0000    0.9730        18
         tha     1.0000    1.0000    1.0000         2
         thv     1.0000    1.0000    1.0000         1
         tlh     1.0000    1.0000    1.0000        14
        toki     1.0000    1.0000    1.0000        49
         tpw     1.0000    1.0000    1.0000         1
         tuk     1.0000    1.0000    1.0000         5
         tur     0.9989    0.9978    0.9983       895
         uig     1.0000    1.0000    1.0000         8
         ukr     0.9857    0.9857    0.9857       210
         urd     1.0000    1.0000    1.0000         3
         uzb     1.0000    0.5000    0.6667         2
         vie     1.0000    1.0000    1.0000        12
         vol     1.0000    1.0000    1.0000         3
         war     0.5000    1.0000    0.6667         3
         wuu     1.0000    1.0000    1.0000         4
         xal     1.0000    1.0000    1.0000         1
         xho     0.0000    0.0000    0.0000         0
         yid     1.0000    1.0000    1.0000         3
         yue     1.0000    1.0000    1.0000         4
         zlm     0.0000    0.0000    0.0000         1
         zsm     0.0000    0.0000    0.0000         4
         zza     1.0000    1.0000    1.0000         2

    accuracy                         0.9839     10000
   macro avg     0.7959    0.7692    0.7738     10000
weighted avg     0.9843    0.9839    0.9836     10000
