              precision    recall  f1-score   support

         afb     0.0000    0.0000    0.0000         1
         afr     1.0000    1.0000    1.0000         7
         ara     0.9636    0.9636    0.9636        55
         arg     0.0000    0.0000    0.0000         1
         arq     0.3333    1.0000    0.5000         1
         arz     0.0000    0.0000    0.0000         1
         asm     1.0000    1.0000    1.0000         1
         ast     0.0000    0.0000    0.0000         1
         avk     0.8889    1.0000    0.9412         8
         aze     1.0000    0.6667    0.8000         3
         bel     0.9474    1.0000    0.9730        18
         ben     1.0000    1.0000    1.0000         3
         ber     0.9158    0.8651    0.8897       289
         bos     0.0000    0.0000    0.0000         1
         bre     0.9091    1.0000    0.9524        10
         bul     1.0000    1.0000    1.0000        23
         cat     1.0000    0.8889    0.9412         9
         cbk     0.5000    0.5000    0.5000         4
         ceb     1.0000    0.2500    0.4000         4
         ces     1.0000    1.0000    1.0000        37
         cha     0.0000    0.0000    0.0000         0
         chv     1.0000    1.0000    1.0000         2
         ckt     1.0000    1.0000    1.0000         1
         cmn     1.0000    1.0000    1.0000        80
         cor     1.0000    1.0000    1.0000         2
         csb     1.0000    1.0000    1.0000         2
         cym     1.0000    1.0000    1.0000         2
         dan     0.9231    0.9796    0.9505        49
         deu     0.9965    1.0000    0.9982       570
         dsb     1.0000    1.0000    1.0000         1
         dtp     0.6667    1.0000    0.8000         2
         ell     1.0000    1.0000    1.0000        34
         eng     0.9981    0.9994    0.9987      1550
         epo     0.9972    0.9972    0.9972       718
         est     1.0000    0.6667    0.8000         6
         eus     1.0000    0.8750    0.9333         8
         fao     1.0000    1.0000    1.0000         1
         fin     0.9939    0.9939    0.9939       163
         fkv     1.0000    1.0000    1.0000         1
         fra     0.9960    0.9939    0.9949       495
         fry     0.0000    0.0000    0.0000         1
         gcf     1.0000    1.0000    1.0000         4
         gla     1.0000    0.6667    0.8000         3
         gle     1.0000    1.0000    1.0000         5
         glg     0.6000    0.7500    0.6667         4
         gos     1.0000    0.5000    0.6667         4
         got     1.0000    1.0000    1.0000         1
         grc     1.0000    1.0000    1.0000         2
         grn     1.0000    1.0000    1.0000         1
         heb     1.0000    1.0000    1.0000       223
         hin     1.0000    1.0000    1.0000        24
         hrv     0.2857    0.4000    0.3333         5
         hun     0.9970    1.0000    0.9985       329
         hye     1.0000    1.0000    1.0000         2
         ido     1.0000    0.7778    0.8750         9
         ile     1.0000    0.8889    0.9412         9
         ilo     0.5000    0.5000    0.5000         2
         ina     0.9667    1.0000    0.9831        29
         ind     0.7222    1.0000    0.8387        13
         isl     1.0000    0.9375    0.9677        16
         ita     0.9968    0.9946    0.9957       933
         jbo     1.0000    1.0000    1.0000        20
         jpn     1.0000    1.0000    1.0000       262
         kab     0.7778    0.8750    0.8235       152
         kat     1.0000    1.0000    1.0000         4
         kaz     1.0000    0.5000    0.6667         2
         khm     1.0000    1.0000    1.0000         1
         kor     1.0000    1.0000    1.0000        10
         krl     1.0000    1.0000    1.0000         1
         kzj     1.0000    1.0000    1.0000         2
         lat     1.0000    0.9583    0.9787        48
         lfn     1.0000    0.6250    0.7692         8
         lit     1.0000    1.0000    1.0000        47
         ltz     0.5000    1.0000    0.6667         1
         lvs     1.0000    1.0000    1.0000         4
         lzh     1.0000    1.0000    1.0000         2
         mar     1.0000    1.0000    1.0000        64
         mgm     0.0000    0.0000    0.0000         1
         mhr     1.0000    1.0000    1.0000         8
         mkd     0.9703    1.0000    0.9849        98
         mon     1.0000    1.0000    1.0000         1
         mri     1.0000    1.0000    1.0000         1
         mww     0.0000    0.0000    0.0000         1
         mya     1.0000    1.0000    1.0000         1
         nah     0.0000    0.0000    0.0000         1
         nds     0.9583    0.9583    0.9583        24
         nld     0.9773    0.9773    0.9773       132
         nno     0.0000    0.0000    0.0000         0
         nob     1.0000    0.6923    0.8182        13
         nst     1.0000    1.0000    1.0000         1
         oci     0.8750    1.0000    0.9333         7
         ori     1.0000    1.0000    1.0000         1
         orv     1.0000    1.0000    1.0000         1
         oss     1.0000    1.0000    1.0000         1
         ota     0.6667    1.0000    0.8000         2
         pam     1.0000    1.0000    1.0000         5
         pes     1.0000    0.9677    0.9836        31
         pms     1.0000    1.0000    1.0000         1
         pol     0.9919    1.0000    0.9959       122
         por     0.9955    0.9955    0.9955       442
         prg     1.0000    1.0000    1.0000         2
         rom     0.5000    1.0000    0.6667         1
         ron     1.0000    1.0000    1.0000        26
         run     1.0000    1.0000    1.0000         4
         rus     0.9989    0.9911    0.9950       903
         sah     1.0000    1.0000    1.0000         1
         shy     0.0000    0.0000    0.0000         1
         slk     1.0000    1.0000    1.0000         6
         slv     0.0000    0.0000    0.0000         1
         spa     0.9801    0.9900    0.9850       399
         sqi     1.0000    0.3333    0.5000         3
         srp     0.8974    0.8537    0.8750        41
         swe     0.9744    1.0000    0.9870        38
         swg     0.0000    0.0000    0.0000         0
         swh     0.7500    1.0000    0.8571         3
         tat     1.0000    1.0000    1.0000        20
         tgl     0.9474    1.0000    0.9730        18
         tha     1.0000    1.0000    1.0000         2
         thv     1.0000    1.0000    1.0000         1
         tlh     1.0000    0.9286    0.9630        14
        toki     1.0000    1.0000    1.0000        49
         tpw     1.0000    1.0000    1.0000         1
         tuk     1.0000    1.0000    1.0000         5
         tur     0.9978    0.9989    0.9983       895
         uig     1.0000    1.0000    1.0000         8
         ukr     0.9631    0.9952    0.9789       210
         urd     1.0000    1.0000    1.0000         3
         uzb     0.6667    1.0000    0.8000         2
         vie     1.0000    1.0000    1.0000        12
         vol     1.0000    1.0000    1.0000         3
         war     1.0000    1.0000    1.0000         3
         wuu     1.0000    1.0000    1.0000         4
         xal     1.0000    1.0000    1.0000         1
         yid     1.0000    1.0000    1.0000         3
         yue     1.0000    1.0000    1.0000         4
         zlm     0.0000    0.0000    0.0000         1
         zsm     1.0000    0.2500    0.4000         4
         zza     1.0000    1.0000    1.0000         2

    accuracy                         0.9850     10000
   macro avg     0.8441    0.8329    0.8277     10000
weighted avg     0.9855    0.9850    0.9846     10000
