              precision    recall  f1-score   support

         afb     0.0000    0.0000    0.0000         1
         afr     1.0000    0.8571    0.9231         7
         ara     0.9643    0.9818    0.9730        55
         arg     0.0000    0.0000    0.0000         1
         arq     0.5000    1.0000    0.6667         1
         arz     0.0000    0.0000    0.0000         1
         asm     1.0000    1.0000    1.0000         1
         ast     0.0000    0.0000    0.0000         1
         avk     1.0000    0.8750    0.9333         8
         aze     1.0000    1.0000    1.0000         3
         bel     0.9444    0.9444    0.9444        18
         ben     1.0000    1.0000    1.0000         3
         ber     0.8940    0.8754    0.8846       289
         bos     0.0000    0.0000    0.0000         1
         bre     1.0000    1.0000    1.0000        10
         bul     0.9565    0.9565    0.9565        23
         cat     1.0000    0.8889    0.9412         9
         cbk     0.6667    0.5000    0.5714         4
         ceb     1.0000    0.2500    0.4000         4
         ces     0.9730    0.9730    0.9730        37
         chv     1.0000    1.0000    1.0000         2
         ckt     1.0000    1.0000    1.0000         1
         cmn     0.9877    1.0000    0.9938        80
         cor     0.6667    1.0000    0.8000         2
         csb     1.0000    1.0000    1.0000         2
         cym     1.0000    0.5000    0.6667         2
         dan     0.9057    0.9796    0.9412        49
         deu     0.9965    1.0000    0.9982       570
         dsb     1.0000    1.0000    1.0000         1
         dtp     0.6667    1.0000    0.8000         2
         ell     1.0000    1.0000    1.0000        34
         eng     0.9981    0.9987    0.9984      1550
         epo     0.9958    0.9972    0.9965       718
         est     0.8333    0.8333    0.8333         6
         eus     1.0000    0.8750    0.9333         8
         fao     0.0000    0.0000    0.0000         1
         fin     0.9879    1.0000    0.9939       163
         fkv     0.0000    0.0000    0.0000         1
         fra     0.9960    0.9960    0.9960       495
         fry     0.0000    0.0000    0.0000         1
         gcf     1.0000    1.0000    1.0000         4
         gla     1.0000    0.6667    0.8000         3
         gle     1.0000    1.0000    1.0000         5
         glg     1.0000    0.7500    0.8571         4
         gos     1.0000    0.7500    0.8571         4
         got     1.0000    1.0000    1.0000         1
         grc     1.0000    1.0000    1.0000         2
         grn     0.3333    1.0000    0.5000         1
         heb     1.0000    1.0000    1.0000       223
         hin     0.9600    1.0000    0.9796        24
         hrv     0.5000    0.4000    0.4444         5
         hun     0.9970    0.9939    0.9954       329
         hye     1.0000    1.0000    1.0000         2
         ido     1.0000    0.5556    0.7143         9
         ile     0.7778    0.7778    0.7778         9
         ilo     0.5000    0.5000    0.5000         2
         ina     0.9333    0.9655    0.9492        29
         ind     0.7500    0.9231    0.8276        13
         isl     0.9375    0.9375    0.9375        16
         ita     0.9925    0.9946    0.9936       933
         jbo     1.0000    0.9500    0.9744        20
         jpn     1.0000    1.0000    1.0000       262
         kab     0.7750    0.8158    0.7949       152
         kat     1.0000    1.0000    1.0000         4
         kaz     1.0000    0.5000    0.6667         2
         khm     1.0000    1.0000    1.0000         1
         kor     1.0000    1.0000    1.0000        10
         krl     0.0000    0.0000    0.0000         1
         kzj     1.0000    1.0000    1.0000         2
         lat     1.0000    0.9583    0.9787        48
         lfn     0.7500    0.7500    0.7500         8
         lit     1.0000    1.0000    1.0000        47
         ltz     0.0000    0.0000    0.0000         1
         lvs     1.0000    0.7500    0.8571         4
         lzh     1.0000    0.5000    0.6667         2
         mar     1.0000    0.9844    0.9921        64
         max     0.0000    0.0000    0.0000         0
         mgm     0.0000    0.0000    0.0000         1
         mhr     0.8889    1.0000    0.9412         8
         mkd     0.9897    0.9796    0.9846        98
         mon     1.0000    1.0000    1.0000         1
         mri     1.0000    1.0000    1.0000         1
         mww     0.0000    0.0000    0.0000         1
         mya     1.0000    1.0000    1.0000         1
         nah     0.0000    0.0000    0.0000         1
         nds     0.9167    0.9167    0.9167        24
         nld     0.9699    0.9773    0.9736       132
         nob     0.8333    0.7692    0.8000        13
         nst     1.0000    1.0000    1.0000         1
         oci     1.0000    0.8571    0.9231         7
         ori     1.0000    1.0000    1.0000         1
         orv     1.0000    1.0000    1.0000         1
         oss     1.0000    1.0000    1.0000         1
         ota     0.6667    1.0000    0.8000         2
         pam     1.0000    1.0000    1.0000         5
         pes     1.0000    0.9677    0.9836        31
         pms     1.0000    1.0000    1.0000         1
         pol     1.0000    1.0000    1.0000       122
         por     0.9888    0.9977    0.9932       442
         prg     0.6667    1.0000    0.8000         2
         que     0.0000    0.0000    0.0000         0
         rom     1.0000    1.0000    1.0000         1
         ron     0.9630    1.0000    0.9811        26
         run     0.8000    1.0000    0.8889         4
         rus     0.9967    0.9967    0.9967       903
         sah     1.0000    1.0000    1.0000         1
         shy     0.0000    0.0000    0.0000         1
         slk     0.6250    0.8333    0.7143         6
         slv     0.0000    0.0000    0.0000         1
         spa     0.9826    0.9900    0.9863       399
         sqi     1.0000    0.3333    0.5000         3
         srp     0.8444    0.9268    0.8837        41
         swe     0.9474    0.9474    0.9474        38
         swg     0.0000    0.0000    0.0000         0
         swh     0.6667    0.6667    0.6667         3
         tat     1.0000    1.0000    1.0000        20
         tgl     0.9474    1.0000    0.9730        18
         tha     1.0000    1.0000    1.0000         2
         thv     0.0000    0.0000    0.0000         1
         tlh     1.0000    1.0000    1.0000        14
        toki     1.0000    1.0000    1.0000        49
         tpw     0.0000    0.0000    0.0000         1
         tuk     1.0000    1.0000    1.0000         5
         tur     0.9978    0.9978    0.9978       895
         uig     1.0000    1.0000    1.0000         8
         ukr     0.9858    0.9952    0.9905       210
         urd     1.0000    1.0000    1.0000         3
         uzb     0.0000    0.0000    0.0000         2
         vie     1.0000    1.0000    1.0000        12
         vol     1.0000    1.0000    1.0000         3
         war     1.0000    0.6667    0.8000         3
         wuu     1.0000    1.0000    1.0000         4
         xal     0.5000    1.0000    0.6667         1
         yid     1.0000    1.0000    1.0000         3
         yue     1.0000    1.0000    1.0000         4
         zlm     0.0000    0.0000    0.0000         1
         zsm     0.5000    0.2500    0.3333         4
         zza     1.0000    1.0000    1.0000         2

    accuracy                         0.9826     10000
   macro avg     0.7813    0.7665    0.7636     10000
weighted avg     0.9817    0.9826    0.9817     10000
