              precision    recall  f1-score   support

         afb     0.0000    0.0000    0.0000         1
         afr     1.0000    1.0000    1.0000         7
         ara     0.9630    0.9455    0.9541        55
         arg     0.0000    0.0000    0.0000         1
         arq     0.3333    1.0000    0.5000         1
         arz     0.0000    0.0000    0.0000         1
         asm     1.0000    1.0000    1.0000         1
         ast     0.0000    0.0000    0.0000         1
         avk     0.8750    0.8750    0.8750         8
         aze     0.6000    1.0000    0.7500         3
         bel     1.0000    0.9444    0.9714        18
         ben     1.0000    1.0000    1.0000         3
         ber     0.8908    0.9031    0.8969       289
         bos     0.0000    0.0000    0.0000         1
         bre     0.9091    1.0000    0.9524        10
         bul     0.9583    1.0000    0.9787        23
         cat     1.0000    0.7778    0.8750         9
         cbk     0.5000    0.5000    0.5000         4
         ceb     1.0000    0.2500    0.4000         4
         ces     0.9250    1.0000    0.9610        37
         cha     0.0000    0.0000    0.0000         0
         chv     1.0000    1.0000    1.0000         2
         ckt     1.0000    1.0000    1.0000         1
         cmn     1.0000    0.9875    0.9937        80
         cor     1.0000    1.0000    1.0000         2
         csb     1.0000    1.0000    1.0000         2
         cym     1.0000    1.0000    1.0000         2
         dan     0.9412    0.9796    0.9600        49
         deu     1.0000    1.0000    1.0000       570
         dsb     1.0000    1.0000    1.0000         1
         dtp     0.6667    1.0000    0.8000         2
         ell     1.0000    1.0000    1.0000        34
         eng     0.9981    0.9981    0.9981      1550
         epo     0.9986    0.9958    0.9972       718
         est     1.0000    0.6667    0.8000         6
         eus     1.0000    0.8750    0.9333         8
         fao     1.0000    1.0000    1.0000         1
         fin     0.9819    1.0000    0.9909       163
         fkv     0.0000    0.0000    0.0000         1
         fra     0.9940    0.9960    0.9950       495
         fry     0.0000    0.0000    0.0000         1
         gcf     1.0000    1.0000    1.0000         4
         gla     1.0000    0.6667    0.8000         3
         gle     1.0000    1.0000    1.0000         5
         glg     0.7500    0.7500    0.7500         4
         gos     0.6667    0.5000    0.5714         4
         got     1.0000    1.0000    1.0000         1
         grc     1.0000    1.0000    1.0000         2
         grn     1.0000    1.0000    1.0000         1
         heb     1.0000    1.0000    1.0000       223
         hin     1.0000    1.0000    1.0000        24
         hrv     0.2500    0.2000    0.2222         5
         hun     0.9910    1.0000    0.9955       329
         hye     1.0000    1.0000    1.0000         2
         ido     0.7778    0.7778    0.7778         9
         ile     1.0000    0.7778    0.8750         9
         ilo     1.0000    0.5000    0.6667         2
         ina     0.9655    0.9655    0.9655        29
         ind     0.7222    1.0000    0.8387        13
         isl     0.9375    0.9375    0.9375        16
         ita     0.9925    0.9968    0.9947       933
         jbo     1.0000    1.0000    1.0000        20
         jpn     1.0000    1.0000    1.0000       262
         kab     0.8255    0.8092    0.8173       152
         kat     1.0000    1.0000    1.0000         4
         kaz     0.6667    1.0000    0.8000         2
         khm     1.0000    1.0000    1.0000         1
         kor     1.0000    1.0000    1.0000        10
         krl     1.0000    1.0000    1.0000         1
         kzj     1.0000    1.0000    1.0000         2
         lat     1.0000    0.9375    0.9677        48
         lfn     1.0000    0.8750    0.9333         8
         lit     1.0000    0.9787    0.9892        47
         ltz     1.0000    1.0000    1.0000         1
         lvs     0.8000    1.0000    0.8889         4
         lzh     1.0000    1.0000    1.0000         2
         mar     1.0000    0.9844    0.9921        64
         max     0.0000    0.0000    0.0000         0
         mgm     0.0000    0.0000    0.0000         1
         mhr     0.8889    1.0000    0.9412         8
         mkd     0.9898    0.9898    0.9898        98
         mon     1.0000    1.0000    1.0000         1
         mri     1.0000    1.0000    1.0000         1
         mww     0.0000    0.0000    0.0000         1
         mya     1.0000    1.0000    1.0000         1
         nah     0.0000    0.0000    0.0000         1
         nds     1.0000    0.9167    0.9565        24
         nld     0.9774    0.9848    0.9811       132
         nob     0.8571    0.9231    0.8889        13
         nst     1.0000    1.0000    1.0000         1
         oci     1.0000    1.0000    1.0000         7
         ori     1.0000    1.0000    1.0000         1
         orv     1.0000    1.0000    1.0000         1
         oss     1.0000    1.0000    1.0000         1
         ota     0.6667    1.0000    0.8000         2
         pam     1.0000    1.0000    1.0000         5
         pes     1.0000    0.9677    0.9836        31
         pms     1.0000    1.0000    1.0000         1
         pol     1.0000    0.9918    0.9959       122
         por     0.9866    0.9977    0.9921       442
         prg     1.0000    1.0000    1.0000         2
         que     0.0000    0.0000    0.0000         0
         rom     0.3333    1.0000    0.5000         1
         ron     1.0000    1.0000    1.0000        26
         run     0.8000    1.0000    0.8889         4
         rus     0.9989    0.9956    0.9972       903
         sah     1.0000    1.0000    1.0000         1
         san     0.0000    0.0000    0.0000         0
         shy     0.0000    0.0000    0.0000         1
         slk     1.0000    0.6667    0.8000         6
         slv     0.0000    0.0000    0.0000         1
         spa     0.9850    0.9850    0.9850       399
         sqi     1.0000    0.3333    0.5000         3
         srp     0.8605    0.9024    0.8810        41
         swe     1.0000    0.9737    0.9867        38
         swg     0.0000    0.0000    0.0000         0
         swh     0.0000    0.0000    0.0000         3
         tat     1.0000    1.0000    1.0000        20
         tgl     0.8571    1.0000    0.9231        18
         tha     1.0000    1.0000    1.0000         2
         thv     1.0000    1.0000    1.0000         1
         tlh     1.0000    1.0000    1.0000        14
        toki     1.0000    1.0000    1.0000        49
         tpw     1.0000    1.0000    1.0000         1
         tuk     1.0000    1.0000    1.0000         5
         tur     0.9966    0.9955    0.9961       895
         uig     1.0000    1.0000    1.0000         8
         ukr     0.9812    0.9952    0.9882       210
         urd     1.0000    1.0000    1.0000         3
         uzb     0.0000    0.0000    0.0000         2
         vie     1.0000    1.0000    1.0000        12
         vol     1.0000    1.0000    1.0000         3
         war     1.0000    1.0000    1.0000         3
         wuu     0.8000    1.0000    0.8889         4
         xal     1.0000    1.0000    1.0000         1
         yid     1.0000    1.0000    1.0000         3
         yue     1.0000    1.0000    1.0000         4
         zlm     0.0000    0.0000    0.0000         1
         zsm     0.0000    0.0000    0.0000         4
         zza     1.0000    1.0000    1.0000         2

    accuracy                         0.9839     10000
   macro avg     0.7990    0.7998    0.7909     10000
weighted avg     0.9832    0.9839    0.9831     10000
