              precision    recall  f1-score   support

         afb     0.0000    0.0000    0.0000         1
         afr     1.0000    1.0000    1.0000         7
         ara     0.9630    0.9455    0.9541        55
         arg     0.0000    0.0000    0.0000         1
         arq     0.3333    1.0000    0.5000         1
         arz     0.0000    0.0000    0.0000         1
         asm     1.0000    1.0000    1.0000         1
         ast     0.0000    0.0000    0.0000         1
         avk     1.0000    0.8750    0.9333         8
         aze     0.7500    1.0000    0.8571         3
         bel     1.0000    1.0000    1.0000        18
         ben     1.0000    1.0000    1.0000         3
         ber     0.9062    0.9031    0.9047       289
         bos     0.0000    0.0000    0.0000         1
         bre     1.0000    1.0000    1.0000        10
         bul     1.0000    0.9565    0.9778        23
         cat     1.0000    0.8889    0.9412         9
         cbk     0.6667    0.5000    0.5714         4
         ceb     1.0000    0.5000    0.6667         4
         ces     1.0000    1.0000    1.0000        37
         chv     1.0000    1.0000    1.0000         2
         ckt     1.0000    1.0000    1.0000         1
         cmn     1.0000    1.0000    1.0000        80
         cor     1.0000    1.0000    1.0000         2
         csb     1.0000    1.0000    1.0000         2
         cym     1.0000    1.0000    1.0000         2
         dan     0.9245    1.0000    0.9608        49
         deu     1.0000    1.0000    1.0000       570
         dsb     1.0000    1.0000    1.0000         1
         dtp     1.0000    1.0000    1.0000         2
         ell     1.0000    1.0000    1.0000        34
         eng     0.9994    0.9994    0.9994      1550
         epo     0.9986    0.9986    0.9986       718
         est     1.0000    0.8333    0.9091         6
         eus     1.0000    1.0000    1.0000         8
         fao     1.0000    1.0000    1.0000         1
         fin     0.9939    0.9939    0.9939       163
         fkv     1.0000    1.0000    1.0000         1
         fra     0.9959    0.9919    0.9939       495
         fry     0.0000    0.0000    0.0000         1
         gcf     1.0000    1.0000    1.0000         4
         gla     1.0000    0.6667    0.8000         3
         gle     1.0000    1.0000    1.0000         5
         glg     0.6000    0.7500    0.6667         4
         gos     1.0000    0.5000    0.6667         4
         got     1.0000    1.0000    1.0000         1
         grc     1.0000    1.0000    1.0000         2
         grn     0.5000    1.0000    0.6667         1
         heb     1.0000    1.0000    1.0000       223
         hin     1.0000    1.0000    1.0000        24
         hoc     0.0000    0.0000    0.0000         0
         hrv     0.3333    0.4000    0.3636         5
         hun     1.0000    1.0000    1.0000       329
         hye     1.0000    1.0000    1.0000         2
         ido     1.0000    0.7778    0.8750         9
         ile     0.8889    0.8889    0.8889         9
         ilo     1.0000    1.0000    1.0000         2
         ina     0.9655    0.9655    0.9655        29
         ind     0.8667    1.0000    0.9286        13
         isl     1.0000    0.9375    0.9677        16
         ita     0.9947    0.9968    0.9957       933
         jbo     1.0000    1.0000    1.0000        20
         jpn     1.0000    1.0000    1.0000       262
         kab     0.8258    0.8421    0.8339       152
         kat     1.0000    1.0000    1.0000         4
         kaz     1.0000    0.5000    0.6667         2
         khm     1.0000    1.0000    1.0000         1
         kor     1.0000    1.0000    1.0000        10
         krl     1.0000    1.0000    1.0000         1
         ksh     0.0000    0.0000    0.0000         0
         kzj     1.0000    1.0000    1.0000         2
         lad     0.0000    0.0000    0.0000         0
         lat     1.0000    0.9375    0.9677        48
         lfn     1.0000    0.8750    0.9333         8
         lit     1.0000    1.0000    1.0000        47
         lld     0.0000    0.0000    0.0000         0
         ltz     1.0000    1.0000    1.0000         1
         lvs     1.0000    0.7500    0.8571         4
         lzh     1.0000    1.0000    1.0000         2
         mar     1.0000    0.9844    0.9921        64
         mgm     0.0000    0.0000    0.0000         1
         mhr     0.8889    1.0000    0.9412         8
         mkd     0.9897    0.9796    0.9846        98
         mon     1.0000    1.0000    1.0000         1
         mri     1.0000    1.0000    1.0000         1
         mww     1.0000    1.0000    1.0000         1
         mya     1.0000    1.0000    1.0000         1
         nah     0.0000    0.0000    0.0000         1
         nds     1.0000    0.9583    0.9787        24
         nld     0.9704    0.9924    0.9813       132
         nob     0.9167    0.8462    0.8800        13
         nst     1.0000    1.0000    1.0000         1
         oci     0.8750    1.0000    0.9333         7
         ori     1.0000    1.0000    1.0000         1
         orv     1.0000    1.0000    1.0000         1
         oss     1.0000    1.0000    1.0000         1
         ota     1.0000    1.0000    1.0000         2
         pam     1.0000    1.0000    1.0000         5
         pes     0.9688    1.0000    0.9841        31
         pms     1.0000    1.0000    1.0000         1
         pol     1.0000    1.0000    1.0000       122
         por     0.9888    0.9977    0.9932       442
         prg     0.6667    1.0000    0.8000         2
         rom     0.5000    1.0000    0.6667         1
         ron     0.9286    1.0000    0.9630        26
         run     1.0000    1.0000    1.0000         4
         rus     0.9956    1.0000    0.9978       903
         sah     1.0000    1.0000    1.0000         1
         san     0.0000    0.0000    0.0000         0
         shy     0.0000    0.0000    0.0000         1
         slk     1.0000    1.0000    1.0000         6
         slv     0.0000    0.0000    0.0000         1
         spa     0.9899    0.9850    0.9874       399
         sqi     1.0000    0.6667    0.8000         3
         srp     0.8409    0.9024    0.8706        41
         swe     1.0000    0.9474    0.9730        38
         swh     1.0000    0.6667    0.8000         3
         tat     1.0000    1.0000    1.0000        20
         tgl     0.9474    1.0000    0.9730        18
         tha     1.0000    1.0000    1.0000         2
         thv     1.0000    1.0000    1.0000         1
         tlh     1.0000    0.9286    0.9630        14
         tly     0.0000    0.0000    0.0000         0
        toki     1.0000    1.0000    1.0000        49
         tpw     1.0000    1.0000    1.0000         1
         tuk     1.0000    1.0000    1.0000         5
         tur     0.9978    0.9989    0.9983       895
         uig     1.0000    1.0000    1.0000         8
         ukr     1.0000    0.9857    0.9928       210
         urd     1.0000    1.0000    1.0000         3
         uzb     0.6667    1.0000    0.8000         2
         vie     1.0000    1.0000    1.0000        12
         vol     1.0000    1.0000    1.0000         3
         war     0.7500    1.0000    0.8571         3
         wuu     1.0000    1.0000    1.0000         4
         xal     1.0000    1.0000    1.0000         1
         yid     1.0000    1.0000    1.0000         3
         yue     1.0000    1.0000    1.0000         4
         zlm     0.0000    0.0000    0.0000         1
         zsm     1.0000    0.7500    0.8571         4
         zza     1.0000    1.0000    1.0000         2

    accuracy                         0.9870     10000
   macro avg     0.8396    0.8352    0.8310     10000
weighted avg     0.9872    0.9870    0.9868     10000
