              precision    recall  f1-score   support

         afb     0.0000    0.0000    0.0000         1
         afr     1.0000    1.0000    1.0000         7
         ara     0.9474    0.9818    0.9643        55
         arg     0.0000    0.0000    0.0000         1
         arq     0.0000    0.0000    0.0000         1
         arz     0.0000    0.0000    0.0000         1
         asm     1.0000    1.0000    1.0000         1
         ast     0.0000    0.0000    0.0000         1
         avk     0.8000    1.0000    0.8889         8
         aze     1.0000    0.6667    0.8000         3
         bel     1.0000    0.9444    0.9714        18
         ben     1.0000    1.0000    1.0000         3
         ber     0.8932    0.8685    0.8807       289
         bos     0.0000    0.0000    0.0000         1
         bre     0.9091    1.0000    0.9524        10
         bul     0.9167    0.9565    0.9362        23
         cat     1.0000    0.8889    0.9412         9
         cbk     0.5000    0.5000    0.5000         4
         ceb     1.0000    0.2500    0.4000         4
         ces     1.0000    0.9189    0.9577        37
         chv     1.0000    1.0000    1.0000         2
         ckt     1.0000    1.0000    1.0000         1
         cmn     1.0000    0.9750    0.9873        80
         cor     1.0000    1.0000    1.0000         2
         csb     1.0000    1.0000    1.0000         2
         cym     1.0000    1.0000    1.0000         2
         dan     0.9057    0.9796    0.9412        49
         deu     1.0000    1.0000    1.0000       570
         dsb     1.0000    1.0000    1.0000         1
         dtp     0.5000    0.5000    0.5000         2
         ell     1.0000    1.0000    1.0000        34
         eng     0.9987    0.9981    0.9984      1550
         epo     0.9972    0.9986    0.9979       718
         est     1.0000    0.8333    0.9091         6
         eus     1.0000    0.8750    0.9333         8
         fao     0.0000    0.0000    0.0000         1
         fin     0.9879    1.0000    0.9939       163
         fkv     0.0000    0.0000    0.0000         1
         fra     0.9980    0.9960    0.9970       495
         fry     0.0000    0.0000    0.0000         1
         gcf     1.0000    1.0000    1.0000         4
         gla     1.0000    0.6667    0.8000         3
         gle     0.8333    1.0000    0.9091         5
         glg     0.7500    0.7500    0.7500         4
         gos     1.0000    0.5000    0.6667         4
         got     1.0000    1.0000    1.0000         1
         grc     1.0000    1.0000    1.0000         2
         grn     1.0000    1.0000    1.0000         1
         heb     1.0000    1.0000    1.0000       223
         hin     1.0000    1.0000    1.0000        24
         hrv     1.0000    0.2000    0.3333         5
         hrx     0.0000    0.0000    0.0000         0
         hun     1.0000    1.0000    1.0000       329
         hye     1.0000    1.0000    1.0000         2
         ido     0.8750    0.7778    0.8235         9
         ile     1.0000    0.8889    0.9412         9
         ilo     1.0000    0.5000    0.6667         2
         ina     0.9655    0.9655    0.9655        29
         ind     0.6842    1.0000    0.8125        13
         isl     0.9375    0.9375    0.9375        16
         ita     0.9946    0.9946    0.9946       933
         jbo     1.0000    1.0000    1.0000        20
         jpn     1.0000    1.0000    1.0000       262
         kab     0.7716    0.8224    0.7962       152
         kat     1.0000    1.0000    1.0000         4
         kaz     1.0000    1.0000    1.0000         2
         khm     1.0000    1.0000    1.0000         1
         kor     1.0000    1.0000    1.0000        10
         krl     1.0000    1.0000    1.0000         1
         kzj     0.6667    1.0000    0.8000         2
         lat     1.0000    0.9583    0.9787        48
         lfn     1.0000    0.8750    0.9333         8
         lit     1.0000    0.9787    0.9892        47
         ltz     0.0000    0.0000    0.0000         1
         lvs     1.0000    1.0000    1.0000         4
         lzh     1.0000    1.0000    1.0000         2
         mar     1.0000    0.9844    0.9921        64
         max     0.0000    0.0000    0.0000         0
         mgm     0.0000    0.0000    0.0000         1
         mhr     0.8889    1.0000    0.9412         8
         mkd     0.9897    0.9796    0.9846        98
         mon     1.0000    1.0000    1.0000         1
         mri     1.0000    1.0000    1.0000         1
         mww     1.0000    1.0000    1.0000         1
         mya     1.0000    1.0000    1.0000         1
         nah     0.0000    0.0000    0.0000         1
         nds     0.8846    0.9583    0.9200        24
         nld     0.9773    0.9773    0.9773       132
         nob     1.0000    0.7692    0.8696        13
         nst     1.0000    1.0000    1.0000         1
         oci     1.0000    1.0000    1.0000         7
         ori     1.0000    1.0000    1.0000         1
         orv     1.0000    1.0000    1.0000         1
         oss     1.0000    1.0000    1.0000         1
         ota     0.6667    1.0000    0.8000         2
         pam     1.0000    0.8000    0.8889         5
         pes     1.0000    0.9677    0.9836        31
         pms     1.0000    1.0000    1.0000         1
         pol     1.0000    1.0000    1.0000       122
         por     0.9932    0.9932    0.9932       442
         prg     1.0000    1.0000    1.0000         2
         que     0.0000    0.0000    0.0000         0
         rom     0.5000    1.0000    0.6667         1
         ron     1.0000    1.0000    1.0000        26
         run     0.8000    1.0000    0.8889         4
         rus     0.9967    0.9956    0.9961       903
         sah     1.0000    1.0000    1.0000         1
         san     0.0000    0.0000    0.0000         0
         shy     0.0000    0.0000    0.0000         1
         slk     0.6667    1.0000    0.8000         6
         slv     0.0000    0.0000    0.0000         1
         spa     0.9752    0.9875    0.9813       399
         sqi     1.0000    0.6667    0.8000         3
         srp     0.8723    1.0000    0.9318        41
         swe     1.0000    0.9737    0.9867        38
         swg     0.0000    0.0000    0.0000         0
         swh     1.0000    0.6667    0.8000         3
         tat     1.0000    1.0000    1.0000        20
         tgl     0.9474    1.0000    0.9730        18
         tha     1.0000    1.0000    1.0000         2
         thv     1.0000    1.0000    1.0000         1
         tlh     1.0000    0.9286    0.9630        14
        toki     1.0000    1.0000    1.0000        49
         tpw     1.0000    1.0000    1.0000         1
         tuk     1.0000    1.0000    1.0000         5
         tur     0.9955    0.9989    0.9972       895
         uig     1.0000    1.0000    1.0000         8
         ukr     0.9810    0.9857    0.9834       210
         urd     1.0000    1.0000    1.0000         3
         uzb     1.0000    0.5000    0.6667         2
         vie     1.0000    1.0000    1.0000        12
         vol     0.7500    1.0000    0.8571         3
         war     0.6000    1.0000    0.7500         3
         wuu     0.6667    1.0000    0.8000         4
         xal     1.0000    1.0000    1.0000         1
         xho     0.0000    0.0000    0.0000         0
         yid     1.0000    1.0000    1.0000         3
         yue     1.0000    1.0000    1.0000         4
         zlm     0.0000    0.0000    0.0000         1
         zsm     0.0000    0.0000    0.0000         4
         zza     1.0000    1.0000    1.0000         2

    accuracy                         0.9835     10000
   macro avg     0.8013    0.7878    0.7854     10000
weighted avg     0.9834    0.9835    0.9829     10000
