              precision    recall  f1-score   support

         afb     0.0000    0.0000    0.0000         1
         afr     1.0000    1.0000    1.0000         7
         ara     0.9455    0.9455    0.9455        55
         arg     0.0000    0.0000    0.0000         1
         arq     0.0000    0.0000    0.0000         1
         arz     0.0000    0.0000    0.0000         1
         asm     1.0000    1.0000    1.0000         1
         ast     0.0000    0.0000    0.0000         1
         avk     1.0000    0.8750    0.9333         8
         aze     1.0000    1.0000    1.0000         3
         bel     0.9474    1.0000    0.9730        18
         ben     1.0000    1.0000    1.0000         3
         ber     0.9100    0.9100    0.9100       289
         bos     0.0000    0.0000    0.0000         1
         bre     0.9091    1.0000    0.9524        10
         bul     1.0000    1.0000    1.0000        23
         cat     1.0000    0.8889    0.9412         9
         cbk     0.6667    0.5000    0.5714         4
         ceb     1.0000    0.2500    0.4000         4
         ces     0.9722    0.9459    0.9589        37
         chv     1.0000    1.0000    1.0000         2
         ckt     1.0000    1.0000    1.0000         1
         cmn     1.0000    1.0000    1.0000        80
         cor     1.0000    1.0000    1.0000         2
         csb     1.0000    1.0000    1.0000         2
         cym     1.0000    1.0000    1.0000         2
         dan     0.9057    0.9796    0.9412        49
         deu     1.0000    1.0000    1.0000       570
         dsb     1.0000    1.0000    1.0000         1
         dtp     1.0000    1.0000    1.0000         2
         ell     1.0000    1.0000    1.0000        34
         eng     0.9994    0.9994    0.9994      1550
         epo     1.0000    0.9986    0.9993       718
         est     0.8571    1.0000    0.9231         6
         eus     1.0000    1.0000    1.0000         8
         fao     1.0000    1.0000    1.0000         1
         fin     0.9939    1.0000    0.9969       163
         fkv     1.0000    1.0000    1.0000         1
         fra     1.0000    0.9939    0.9970       495
         fry     0.0000    0.0000    0.0000         1
         gcf     1.0000    1.0000    1.0000         4
         gla     1.0000    0.3333    0.5000         3
         gle     0.8333    1.0000    0.9091         5
         glg     0.6000    0.7500    0.6667         4
         gos     1.0000    0.5000    0.6667         4
         got     1.0000    1.0000    1.0000         1
         grc     1.0000    1.0000    1.0000         2
         grn     1.0000    1.0000    1.0000         1
         heb     1.0000    1.0000    1.0000       223
         hin     0.9600    1.0000    0.9796        24
         hrv     0.4000    0.4000    0.4000         5
         hun     1.0000    1.0000    1.0000       329
         hye     1.0000    1.0000    1.0000         2
         ido     1.0000    1.0000    1.0000         9
         ile     0.8889    0.8889    0.8889         9
         ilo     1.0000    1.0000    1.0000         2
         ina     1.0000    1.0000    1.0000        29
         ind     0.8000    0.9231    0.8571        13
         isl     1.0000    0.9375    0.9677        16
         ita     0.9957    0.9957    0.9957       933
         jbo     1.0000    1.0000    1.0000        20
         jpn     1.0000    1.0000    1.0000       262
         kab     0.8323    0.8487    0.8404       152
         kat     1.0000    1.0000    1.0000         4
         kaz     1.0000    0.5000    0.6667         2
         kha     0.0000    0.0000    0.0000         0
         khm     1.0000    1.0000    1.0000         1
         kor     1.0000    1.0000    1.0000        10
         krl     1.0000    1.0000    1.0000         1
         ksh     0.0000    0.0000    0.0000         0
         kzj     1.0000    1.0000    1.0000         2
         lat     1.0000    0.9167    0.9565        48
         lfn     0.8750    0.8750    0.8750         8
         lit     1.0000    0.9787    0.9892        47
         lld     0.0000    0.0000    0.0000         0
         ltz     1.0000    1.0000    1.0000         1
         lvs     1.0000    0.7500    0.8571         4
         lzh     1.0000    1.0000    1.0000         2
         mar     1.0000    0.9688    0.9841        64
         mgm     0.0000    0.0000    0.0000         1
         mhr     1.0000    1.0000    1.0000         8
         mkd     0.9898    0.9898    0.9898        98
         mon     1.0000    1.0000    1.0000         1
         mri     1.0000    1.0000    1.0000         1
         mww     1.0000    1.0000    1.0000         1
         mya     1.0000    1.0000    1.0000         1
         nah     0.0000    0.0000    0.0000         1
         nds     0.9583    0.9583    0.9583        24
         nld     0.9773    0.9773    0.9773       132
         nob     1.0000    0.7692    0.8696        13
         nov     0.0000    0.0000    0.0000         0
         nst     1.0000    1.0000    1.0000         1
         oci     1.0000    1.0000    1.0000         7
         ori     1.0000    1.0000    1.0000         1
         orv     1.0000    1.0000    1.0000         1
         oss     1.0000    1.0000    1.0000         1
         ota     0.6667    1.0000    0.8000         2
         pam     1.0000    1.0000    1.0000         5
         pes     0.9677    0.9677    0.9677        31
         pms     1.0000    1.0000    1.0000         1
         pol     1.0000    1.0000    1.0000       122
         por     0.9910    0.9977    0.9944       442
         prg     0.6667    1.0000    0.8000         2
         rom     0.5000    1.0000    0.6667         1
         ron     0.9630    1.0000    0.9811        26
         run     0.8000    1.0000    0.8889         4
         rus     0.9967    0.9978    0.9972       903
         sah     1.0000    1.0000    1.0000         1
         san     0.0000    0.0000    0.0000         0
         shy     0.0000    0.0000    0.0000         1
         slk     0.7143    0.8333    0.7692         6
         slv     0.0000    0.0000    0.0000         1
         spa     0.9826    0.9900    0.9863       399
         sqi     1.0000    0.6667    0.8000         3
         srp     0.8636    0.9268    0.8941        41
         swe     0.9737    0.9737    0.9737        38
         swh     1.0000    0.6667    0.8000         3
         tat     1.0000    1.0000    1.0000        20
         tgl     0.9474    1.0000    0.9730        18
         tha     1.0000    1.0000    1.0000         2
         thv     1.0000    1.0000    1.0000         1
         tlh     1.0000    1.0000    1.0000        14
        toki     1.0000    1.0000    1.0000        49
         tpw     1.0000    1.0000    1.0000         1
         tuk     1.0000    1.0000    1.0000         5
         tur     1.0000    0.9989    0.9994       895
         uig     1.0000    1.0000    1.0000         8
         ukr     0.9905    0.9905    0.9905       210
         urd     1.0000    1.0000    1.0000         3
         uzb     1.0000    1.0000    1.0000         2
         vie     1.0000    1.0000    1.0000        12
         vol     0.7500    1.0000    0.8571         3
         war     0.7500    1.0000    0.8571         3
         wuu     1.0000    1.0000    1.0000         4
         xal     1.0000    1.0000    1.0000         1
         yid     1.0000    1.0000    1.0000         3
         yue     1.0000    1.0000    1.0000         4
         zlm     0.0000    0.0000    0.0000         1
         zsm     0.5000    0.5000    0.5000         4
         zza     1.0000    1.0000    1.0000         2

    accuracy                         0.9868     10000
   macro avg     0.8374    0.8290    0.8267     10000
weighted avg     0.9869    0.9868    0.9865     10000
