              precision    recall  f1-score   support

         afb     0.0000    0.0000    0.0000         1
         afr     1.0000    1.0000    1.0000         7
         ara     0.9804    0.9091    0.9434        55
         arg     0.0000    0.0000    0.0000         1
         arq     0.3333    1.0000    0.5000         1
         arz     0.2500    1.0000    0.4000         1
         asm     1.0000    1.0000    1.0000         1
         ast     0.0000    0.0000    0.0000         1
         avk     1.0000    1.0000    1.0000         8
         aze     0.6000    1.0000    0.7500         3
         bel     0.9444    0.9444    0.9444        18
         ben     1.0000    1.0000    1.0000         3
         ber     0.9104    0.8789    0.8944       289
         bos     0.0000    0.0000    0.0000         1
         bre     1.0000    1.0000    1.0000        10
         bul     0.9565    0.9565    0.9565        23
         cat     1.0000    0.7778    0.8750         9
         cbk     0.6667    0.5000    0.5714         4
         ceb     1.0000    0.2500    0.4000         4
         ces     1.0000    0.9189    0.9577        37
         chv     1.0000    1.0000    1.0000         2
         ckt     1.0000    1.0000    1.0000         1
         cmn     1.0000    1.0000    1.0000        80
         cor     1.0000    1.0000    1.0000         2
         csb     1.0000    1.0000    1.0000         2
         cym     1.0000    1.0000    1.0000         2
         dan     0.9231    0.9796    0.9505        49
         deu     0.9965    1.0000    0.9982       570
         dsb     1.0000    1.0000    1.0000         1
         dtp     0.6667    1.0000    0.8000         2
         ell     1.0000    1.0000    1.0000        34
         eng     0.9987    0.9987    0.9987      1550
         epo     0.9972    0.9972    0.9972       718
         est     1.0000    0.6667    0.8000         6
         eus     1.0000    0.8750    0.9333         8
         fao     1.0000    1.0000    1.0000         1
         fin     0.9939    0.9939    0.9939       163
         fkv     0.5000    1.0000    0.6667         1
         fra     0.9939    0.9939    0.9939       495
         fry     0.0000    0.0000    0.0000         1
         gcf     1.0000    1.0000    1.0000         4
         gla     1.0000    0.6667    0.8000         3
         gle     1.0000    1.0000    1.0000         5
         glg     0.7500    0.7500    0.7500         4
         gos     1.0000    0.5000    0.6667         4
         got     1.0000    1.0000    1.0000         1
         grc     1.0000    1.0000    1.0000         2
         grn     1.0000    1.0000    1.0000         1
         heb     1.0000    1.0000    1.0000       223
         hin     1.0000    1.0000    1.0000        24
         hrv     0.3000    0.6000    0.4000         5
         hun     0.9970    1.0000    0.9985       329
         hye     1.0000    1.0000    1.0000         2
         ido     0.8750    0.7778    0.8235         9
         ile     0.8889    0.8889    0.8889         9
         ilo     1.0000    0.5000    0.6667         2
         ina     0.9333    0.9655    0.9492        29
         ind     0.8125    1.0000    0.8966        13
         isl     1.0000    0.9375    0.9677        16
         ita     0.9968    0.9946    0.9957       933
         jbo     1.0000    1.0000    1.0000        20
         jpn     1.0000    1.0000    1.0000       262
         kab     0.7879    0.8553    0.8202       152
         kat     1.0000    1.0000    1.0000         4
         kaz     1.0000    0.5000    0.6667         2
         khm     1.0000    1.0000    1.0000         1
         kor     1.0000    1.0000    1.0000        10
         krl     1.0000    1.0000    1.0000         1
         kzj     1.0000    1.0000    1.0000         2
         lat     1.0000    0.9583    0.9787        48
         lfn     1.0000    0.8750    0.9333         8
         lit     1.0000    1.0000    1.0000        47
         ltz     0.0000    0.0000    0.0000         1
         lvs     1.0000    1.0000    1.0000         4
         lzh     1.0000    1.0000    1.0000         2
         mar     1.0000    1.0000    1.0000        64
         mgm     0.0000    0.0000    0.0000         1
         mhr     0.8000    1.0000    0.8889         8
         mkd     0.9897    0.9796    0.9846        98
         mon     1.0000    1.0000    1.0000         1
         mri     1.0000    1.0000    1.0000         1
         mww     1.0000    1.0000    1.0000         1
         mya     1.0000    1.0000    1.0000         1
         nah     0.0000    0.0000    0.0000         1
         nds     1.0000    1.0000    1.0000        24
         nld     0.9774    0.9848    0.9811       132
         nno     0.0000    0.0000    0.0000         0
         nob     1.0000    0.8462    0.9167        13
         nov     0.0000    0.0000    0.0000         0
         nst     1.0000    1.0000    1.0000         1
         oci     0.8750    1.0000    0.9333         7
         ori     1.0000    1.0000    1.0000         1
         orv     1.0000    1.0000    1.0000         1
         oss     1.0000    1.0000    1.0000         1
         ota     0.6667    1.0000    0.8000         2
         pam     1.0000    0.8000    0.8889         5
         pes     1.0000    0.9677    0.9836        31
         pms     0.5000    1.0000    0.6667         1
         pol     1.0000    1.0000    1.0000       122
         por     0.9910    0.9977    0.9944       442
         prg     1.0000    1.0000    1.0000         2
         rom     1.0000    1.0000    1.0000         1
         ron     1.0000    1.0000    1.0000        26
         run     0.8000    1.0000    0.8889         4
         rus     0.9978    0.9967    0.9972       903
         sah     1.0000    1.0000    1.0000         1
         shy     0.0000    0.0000    0.0000         1
         slk     0.6667    1.0000    0.8000         6
         slv     0.0000    0.0000    0.0000         1
         spa     0.9801    0.9900    0.9850       399
         sqi     1.0000    0.6667    0.8000         3
         srp     0.8500    0.8293    0.8395        41
         swe     1.0000    0.9737    0.9867        38
         swg     0.0000    0.0000    0.0000         0
         swh     1.0000    0.6667    0.8000         3
         tat     1.0000    1.0000    1.0000        20
         tgl     0.9474    1.0000    0.9730        18
         tha     1.0000    1.0000    1.0000         2
         thv     1.0000    1.0000    1.0000         1
         tlh     1.0000    0.9286    0.9630        14
         tly     0.0000    0.0000    0.0000         0
        toki     1.0000    1.0000    1.0000        49
         tpw     1.0000    1.0000    1.0000         1
         tuk     1.0000    1.0000    1.0000         5
         tur     0.9989    0.9966    0.9978       895
         uig     1.0000    1.0000    1.0000         8
         ukr     0.9858    0.9905    0.9881       210
         urd     1.0000    1.0000    1.0000         3
         uzb     0.6667    1.0000    0.8000         2
         vie     1.0000    1.0000    1.0000        12
         vol     1.0000    1.0000    1.0000         3
         war     0.6000    1.0000    0.7500         3
         wuu     1.0000    1.0000    1.0000         4
         xal     1.0000    1.0000    1.0000         1
         yid     1.0000    1.0000    1.0000         3
         yue     1.0000    1.0000    1.0000         4
         zlm     0.0000    0.0000    0.0000         1
         zsm     1.0000    0.5000    0.6667         4
         zza     1.0000    1.0000    1.0000         2

    accuracy                         0.9848     10000
   macro avg     0.8370    0.8383    0.8259     10000
weighted avg     0.9857    0.9848    0.9847     10000
