              precision    recall  f1-score   support

         afr     1.0000    0.8000    0.8889         5
         ara     1.0000    1.0000    1.0000        50
         arq     1.0000    0.5000    0.6667         2
         avk     0.7500    1.0000    0.8571         3
         aze     1.0000    1.0000    1.0000        10
         bar     0.0000    0.0000    0.0000         1
         bel     1.0000    0.9474    0.9730        19
         ben     1.0000    1.0000    1.0000         6
         ber     0.9110    0.9209    0.9159       278
         bos     0.0000    0.0000    0.0000         2
         bre     0.8824    0.9375    0.9091        16
         bua     1.0000    1.0000    1.0000         1
         bul     0.9677    1.0000    0.9836        30
         cat     0.9167    0.9167    0.9167        12
         cbk     1.0000    1.0000    1.0000         3
         ceb     1.0000    1.0000    1.0000         1
         ces     0.9762    1.0000    0.9880        41
         chv     1.0000    1.0000    1.0000         2
         cmn     0.9836    1.0000    0.9917        60
         cor     1.0000    1.0000    1.0000         2
         csb     0.0000    0.0000    0.0000         1
         cym     1.0000    1.0000    1.0000         1
         dan     0.9683    0.9683    0.9683        63
         deu     0.9967    0.9983    0.9975       601
         dtp     1.0000    1.0000    1.0000         4
         ell     1.0000    1.0000    1.0000        44
         eng     0.9994    0.9987    0.9990      1577
         epo     0.9987    1.0000    0.9993       750
         est     0.5000    1.0000    0.6667         1
         eus     1.0000    1.0000    1.0000         4
         fin     0.9856    0.9856    0.9856       139
         fra     0.9981    0.9981    0.9981       534
         fry     0.5000    1.0000    0.6667         1
         gcf     0.8333    1.0000    0.9091         5
         gla     0.0000    0.0000    0.0000         1
         gle     0.8000    1.0000    0.8889         4
         glg     0.7500    1.0000    0.8571         3
         gos     1.0000    0.3333    0.5000         3
         grc     1.0000    1.0000    1.0000         3
         grn     1.0000    1.0000    1.0000         2
         gsw     0.0000    0.0000    0.0000         0
         guj     1.0000    1.0000    1.0000         1
         hat     0.0000    0.0000    0.0000         1
         heb     1.0000    1.0000    1.0000       216
         hin     0.9583    1.0000    0.9787        23
         hrv     0.6667    0.4000    0.5000         5
         hrx     0.0000    0.0000    0.0000         0
         hsb     1.0000    1.0000    1.0000         2
         hun     1.0000    1.0000    1.0000       347
         hye     1.0000    1.0000    1.0000         6
         ido     1.0000    1.0000    1.0000         5
         ile     0.6667    1.0000    0.8000         4
         ilo     1.0000    1.0000    1.0000         1
         ina     1.0000    0.9375    0.9677        32
         ind     0.8000    1.0000    0.8889        12
         isl     0.9231    1.0000    0.9600        12
         ita     0.9967    0.9978    0.9972       897
         jav     1.0000    1.0000    1.0000         1
         jbo     1.0000    1.0000    1.0000        19
         jpn     1.0000    1.0000    1.0000       246
         kab     0.8600    0.8377    0.8487       154
         kat     1.0000    1.0000    1.0000         4
         kaz     1.0000    1.0000    1.0000         3
         khm     1.0000    1.0000    1.0000         2
         kor     1.0000    1.0000    1.0000         7
         kum     1.0000    1.0000    1.0000         1
         kzj     1.0000    1.0000    1.0000         4
         lad     0.0000    0.0000    0.0000         2
         lat     1.0000    0.9286    0.9630        42
         lfn     0.8182    1.0000    0.9000         9
         lit     1.0000    1.0000    1.0000        51
         ltz     1.0000    1.0000    1.0000         1
         lvs     1.0000    1.0000    1.0000         1
         lzh     1.0000    1.0000    1.0000         2
         mal     1.0000    1.0000    1.0000         1
         mar     1.0000    0.9863    0.9931        73
         max     0.0000    0.0000    0.0000         1
         mhr     1.0000    1.0000    1.0000         4
         mkd     1.0000    1.0000    1.0000        84
         mya     1.0000    1.0000    1.0000         1
         nah     1.0000    1.0000    1.0000         1
         nds     0.9286    1.0000    0.9630        26
         nld     0.9752    0.9833    0.9793       120
         nno     0.0000    0.0000    0.0000         3
         nob     0.8125    0.7647    0.7879        17
         nst     1.0000    1.0000    1.0000         1
         oci     1.0000    1.0000    1.0000         6
         oss     1.0000    1.0000    1.0000         1
         ota     1.0000    1.0000    1.0000         3
         pam     0.6000    1.0000    0.7500         3
         pcd     0.0000    0.0000    0.0000         1
         pes     0.9630    1.0000    0.9811        26
         pol     0.9837    1.0000    0.9918       121
         por     0.9957    0.9978    0.9967       461
         prg     1.0000    0.5000    0.6667         2
         que     1.0000    1.0000    1.0000         1
         qya     1.0000    1.0000    1.0000         1
         rom     1.0000    1.0000    1.0000         1
         ron     1.0000    1.0000    1.0000        26
         rue     0.0000    0.0000    0.0000         1
         run     1.0000    1.0000    1.0000         2
         rus     0.9989    0.9944    0.9967       899
         slk     0.6667    1.0000    0.8000         4
         slv     1.0000    1.0000    1.0000         3
         spa     0.9921    0.9921    0.9921       381
         sqi     1.0000    1.0000    1.0000         1
         srp     0.8919    0.9429    0.9167        35
         swe     1.0000    1.0000    1.0000        38
         tam     1.0000    1.0000    1.0000         1
         tat     1.0000    0.9048    0.9500        21
         tel     1.0000    1.0000    1.0000         1
         tgl     1.0000    0.9286    0.9630        14
         tlh     0.9524    1.0000    0.9756        20
        toki     1.0000    1.0000    1.0000        41
         tuk     1.0000    0.9091    0.9524        11
         tur     0.9989    0.9989    0.9989       893
         uig     1.0000    1.0000    1.0000         9
         ukr     0.9797    1.0000    0.9897       193
         urd     1.0000    1.0000    1.0000         3
         vie     1.0000    0.9412    0.9697        17
         vol     1.0000    1.0000    1.0000         2
         war     1.0000    0.6667    0.8000         3
         wuu     1.0000    1.0000    1.0000         6
         xal     1.0000    1.0000    1.0000         1
         yid     1.0000    1.0000    1.0000         1
         yue     1.0000    0.9000    0.9474        10
         zsm     1.0000    0.4000    0.5714         5

    accuracy                         0.9884      9999
   macro avg     0.8673    0.8679    0.8603      9999
weighted avg     0.9880    0.9884    0.9879      9999
