              precision    recall  f1-score   support

         afb     0.0000    0.0000    0.0000         1
         afr     0.8571    0.8571    0.8571         7
         ara     0.9623    0.9273    0.9444        55
         arg     0.0000    0.0000    0.0000         1
         arq     0.0000    0.0000    0.0000         1
         arz     0.0000    0.0000    0.0000         1
         asm     0.0000    0.0000    0.0000         1
         ast     0.0000    0.0000    0.0000         1
         avk     1.0000    0.7500    0.8571         8
         aze     0.4286    1.0000    0.6000         3
         bel     0.9000    1.0000    0.9474        18
         ben     0.7500    1.0000    0.8571         3
         ber     0.9112    0.8166    0.8613       289
         bos     0.0000    0.0000    0.0000         1
         bre     1.0000    0.8000    0.8889        10
         bul     0.9583    1.0000    0.9787        23
         cat     0.6667    0.2222    0.3333         9
         cbk     1.0000    0.2500    0.4000         4
         ceb     0.0000    0.0000    0.0000         4
         ces     0.9474    0.9730    0.9600        37
         chv     1.0000    1.0000    1.0000         2
         ckt     1.0000    1.0000    1.0000         1
         cmn     0.9875    0.9875    0.9875        80
         cor     0.6667    1.0000    0.8000         2
         csb     1.0000    0.5000    0.6667         2
         cym     0.0000    0.0000    0.0000         2
         dan     0.8519    0.9388    0.8932        49
         deu     0.9965    1.0000    0.9982       570
         dsb     1.0000    1.0000    1.0000         1
         dtp     0.3333    1.0000    0.5000         2
         ell     1.0000    1.0000    1.0000        34
         eng     0.9974    0.9974    0.9974      1550
         epo     0.9876    0.9986    0.9931       718
         est     0.6000    0.5000    0.5455         6
         eus     1.0000    0.8750    0.9333         8
         fao     0.0000    0.0000    0.0000         1
         fin     0.9527    0.9877    0.9699       163
         fkv     0.0000    0.0000    0.0000         1
         fra     0.9820    0.9939    0.9880       495
         fry     0.0000    0.0000    0.0000         1
         gcf     1.0000    1.0000    1.0000         4
         gla     1.0000    0.6667    0.8000         3
         gle     1.0000    1.0000    1.0000         5
         glg     0.0000    0.0000    0.0000         4
         gos     1.0000    0.2500    0.4000         4
         got     1.0000    1.0000    1.0000         1
         grc     1.0000    1.0000    1.0000         2
         grn     0.0000    0.0000    0.0000         1
         heb     1.0000    1.0000    1.0000       223
         hin     0.9600    1.0000    0.9796        24
         hrv     0.2000    0.4000    0.2667         5
         hun     0.9909    0.9970    0.9939       329
         hye     1.0000    1.0000    1.0000         2
         ido     0.8000    0.4444    0.5714         9
         ile     1.0000    0.5556    0.7143         9
         ilo     0.2500    0.5000    0.3333         2
         ina     0.8182    0.9310    0.8710        29
         ind     0.6500    1.0000    0.7879        13
         isl     0.8235    0.8750    0.8485        16
         ita     0.9936    0.9914    0.9925       933
         jbo     1.0000    0.9500    0.9744        20
         jpn     1.0000    1.0000    1.0000       262
         kab     0.7027    0.8553    0.7715       152
         kat     1.0000    1.0000    1.0000         4
         kaz     0.0000    0.0000    0.0000         2
         kha     0.0000    0.0000    0.0000         0
         khm     1.0000    1.0000    1.0000         1
         kor     1.0000    1.0000    1.0000        10
         krl     0.0000    0.0000    0.0000         1
         kzj     1.0000    0.5000    0.6667         2
         lat     0.9574    0.9375    0.9474        48
         lfn     0.7000    0.8750    0.7778         8
         lit     0.9787    0.9787    0.9787        47
         ltz     0.0000    0.0000    0.0000         1
         lvs     1.0000    0.5000    0.6667         4
         lzh     1.0000    0.5000    0.6667         2
         mar     1.0000    0.9844    0.9921        64
         mgm     0.0000    0.0000    0.0000         1
         mhr     0.8889    1.0000    0.9412         8
         mkd     0.9798    0.9898    0.9848        98
         mon     0.0000    0.0000    0.0000         1
         mri     0.0000    0.0000    0.0000         1
         mww     0.0000    0.0000    0.0000         1
         mya     1.0000    1.0000    1.0000         1
         nah     0.0000    0.0000    0.0000         1
         nds     0.9583    0.9583    0.9583        24
         nld     0.9627    0.9773    0.9699       132
         nob     0.8889    0.6154    0.7273        13
         nst     0.0000    0.0000    0.0000         1
         oci     0.8333    0.7143    0.7692         7
         ori     1.0000    1.0000    1.0000         1
         orv     1.0000    1.0000    1.0000         1
         oss     0.0000    0.0000    0.0000         1
         ota     0.5000    0.5000    0.5000         2
         pam     0.5714    0.8000    0.6667         5
         pes     0.9677    0.9677    0.9677        31
         pms     0.0000    0.0000    0.0000         1
         pol     0.9919    1.0000    0.9959       122
         por     0.9909    0.9864    0.9887       442
         prg     0.6667    1.0000    0.8000         2
         rom     0.0000    0.0000    0.0000         1
         ron     0.9630    1.0000    0.9811        26
         run     0.5000    0.5000    0.5000         4
         rus     0.9978    0.9922    0.9950       903
         sah     1.0000    1.0000    1.0000         1
         shy     0.0000    0.0000    0.0000         1
         slk     0.6667    0.6667    0.6667         6
         slv     0.0000    0.0000    0.0000         1
         spa     0.9680    0.9850    0.9764       399
         sqi     0.5000    0.3333    0.4000         3
         srp     0.8684    0.8049    0.8354        41
         swe     0.9737    0.9737    0.9737        38
         swh     0.0000    0.0000    0.0000         3
         tat     0.9091    1.0000    0.9524        20
         tgl     0.9444    0.9444    0.9444        18
         tha     1.0000    1.0000    1.0000         2
         thv     0.0000    0.0000    0.0000         1
         tlh     1.0000    0.9286    0.9630        14
        toki     1.0000    1.0000    1.0000        49
         tpw     0.0000    0.0000    0.0000         1
         tuk     0.7500    0.6000    0.6667         5
         tur     0.9944    0.9966    0.9955       895
         tzl     0.0000    0.0000    0.0000         0
         uig     1.0000    1.0000    1.0000         8
         ukr     0.9721    0.9952    0.9835       210
         urd     1.0000    1.0000    1.0000         3
         uzb     0.0000    0.0000    0.0000         2
         vie     1.0000    1.0000    1.0000        12
         vol     0.6667    0.6667    0.6667         3
         war     0.6667    0.6667    0.6667         3
         wuu     0.8000    1.0000    0.8889         4
         xal     0.5000    1.0000    0.6667         1
         yid     1.0000    1.0000    1.0000         3
         yue     1.0000    1.0000    1.0000         4
         zlm     0.0000    0.0000    0.0000         1
         zsm     0.0000    0.0000    0.0000         4
         zza     0.0000    0.0000    0.0000         2

    accuracy                         0.9736     10000
   macro avg     0.6453    0.6323    0.6259     10000
weighted avg     0.9719    0.9736    0.9718     10000
