              precision    recall  f1-score   support

         afb     0.0000    0.0000    0.0000         1
         afr     0.5000    0.2857    0.3636         7
         ara     0.9464    0.9636    0.9550        55
         arg     0.0000    0.0000    0.0000         1
         arq     0.0000    0.0000    0.0000         1
         arz     0.0000    0.0000    0.0000         1
         asm     0.0000    0.0000    0.0000         1
         ast     0.0000    0.0000    0.0000         1
         avk     0.4286    0.3750    0.4000         8
         aze     0.0000    0.0000    0.0000         3
         bel     0.9444    0.9444    0.9444        18
         ben     0.7500    1.0000    0.8571         3
         ber     0.8628    0.8270    0.8445       289
         bos     0.0000    0.0000    0.0000         1
         bre     0.4615    0.6000    0.5217        10
         bul     0.7500    0.9130    0.8235        23
         cat     0.5000    0.1111    0.1818         9
         cbk     0.0000    0.0000    0.0000         4
         ceb     0.0000    0.0000    0.0000         4
         ces     0.7083    0.9189    0.8000        37
         chv     0.0000    0.0000    0.0000         2
         ckt     0.0000    0.0000    0.0000         1
         cmn     0.9518    0.9875    0.9693        80
         cor     0.2500    1.0000    0.4000         2
         csb     0.0000    0.0000    0.0000         2
         cym     0.0000    0.0000    0.0000         2
         dan     0.7288    0.8776    0.7963        49
         deu     0.9982    1.0000    0.9991       570
         dsb     0.0000    0.0000    0.0000         1
         dtp     0.5000    0.5000    0.5000         2
         ell     0.9714    1.0000    0.9855        34
         eng     0.9974    0.9961    0.9968      1550
         epo     0.9931    0.9972    0.9951       718
         est     0.5000    0.1667    0.2500         6
         eus     0.8000    0.5000    0.6154         8
         fao     0.0000    0.0000    0.0000         1
         fin     0.9578    0.9755    0.9666       163
         fkv     0.0000    0.0000    0.0000         1
         fra     0.9858    0.9838    0.9848       495
         fry     0.0000    0.0000    0.0000         1
         gcf     0.5000    0.2500    0.3333         4
         gla     0.0000    0.0000    0.0000         3
         gle     0.5000    0.6000    0.5455         5
         glg     0.0000    0.0000    0.0000         4
         gos     0.0000    0.0000    0.0000         4
         got     0.0000    0.0000    0.0000         1
         grc     1.0000    0.5000    0.6667         2
         grn     0.0000    0.0000    0.0000         1
         heb     1.0000    1.0000    1.0000       223
         hin     0.9600    1.0000    0.9796        24
         hrv     0.1667    0.4000    0.2353         5
         hun     0.9969    0.9909    0.9939       329
         hye     1.0000    1.0000    1.0000         2
         ido     0.6000    0.3333    0.4286         9
         ile     0.0000    0.0000    0.0000         9
         ilo     0.0000    0.0000    0.0000         2
         ina     0.5283    0.9655    0.6829        29
         ind     0.4333    1.0000    0.6047        13
         isl     0.5385    0.8750    0.6667        16
         ita     0.9904    0.9904    0.9904       933
         jbo     0.9500    0.9500    0.9500        20
         jpn     0.9962    0.9924    0.9943       262
         kab     0.7143    0.7895    0.7500       152
         kat     1.0000    1.0000    1.0000         4
         kaz     0.0000    0.0000    0.0000         2
         khm     1.0000    1.0000    1.0000         1
         kor     1.0000    0.9000    0.9474        10
         krl     0.0000    0.0000    0.0000         1
         kzj     0.0000    0.0000    0.0000         2
         lat     0.8163    0.8333    0.8247        48
         lfn     1.0000    0.2500    0.4000         8
         lit     0.9216    1.0000    0.9592        47
         ltz     0.0000    0.0000    0.0000         1
         lvs     0.5000    0.2500    0.3333         4
         lzh     0.0000    0.0000    0.0000         2
         mar     1.0000    0.9844    0.9921        64
         mgm     0.0000    0.0000    0.0000         1
         mhr     0.5333    1.0000    0.6957         8
         mkd     0.9300    0.9490    0.9394        98
         mon     0.0000    0.0000    0.0000         1
         mri     0.0000    0.0000    0.0000         1
         mww     0.0000    0.0000    0.0000         1
         mya     1.0000    1.0000    1.0000         1
         nah     0.0000    0.0000    0.0000         1
         nds     0.7857    0.9167    0.8462        24
         nld     0.9398    0.9470    0.9434       132
         nob     0.0000    0.0000    0.0000        13
         nst     0.0000    0.0000    0.0000         1
         oci     0.6000    0.4286    0.5000         7
         ori     0.5000    1.0000    0.6667         1
         orv     1.0000    1.0000    1.0000         1
         oss     0.0000    0.0000    0.0000         1
         ota     1.0000    0.5000    0.6667         2
         pam     0.0000    0.0000    0.0000         5
         pes     0.9667    0.9355    0.9508        31
         pms     0.0000    0.0000    0.0000         1
         pol     0.9918    0.9918    0.9918       122
         por     0.9754    0.9864    0.9809       442
         prg     0.0000    0.0000    0.0000         2
         rom     0.0000    0.0000    0.0000         1
         ron     0.8125    1.0000    0.8966        26
         run     0.0000    0.0000    0.0000         4
         rus     0.9911    0.9878    0.9895       903
         sah     0.5000    1.0000    0.6667         1
         shy     0.0000    0.0000    0.0000         1
         slk     0.0000    0.0000    0.0000         6
         slv     0.0000    0.0000    0.0000         1
         spa     0.9681    0.9900    0.9789       399
         sqi     0.0000    0.0000    0.0000         3
         srp     0.8667    0.6341    0.7324        41
         swe     0.8750    0.9211    0.8974        38
         swg     0.0000    0.0000    0.0000         0
         swh     0.0000    0.0000    0.0000         3
         tat     0.9474    0.9000    0.9231        20
         tgl     0.8500    0.9444    0.8947        18
         tha     1.0000    1.0000    1.0000         2
         thv     0.0000    0.0000    0.0000         1
         tlh     1.0000    0.9286    0.9630        14
        toki     0.9600    0.9796    0.9697        49
         tpw     0.0000    0.0000    0.0000         1
         tuk     0.6000    0.6000    0.6000         5
         tur     0.9911    0.9978    0.9944       895
         uig     1.0000    1.0000    1.0000         8
         ukr     0.9583    0.9857    0.9718       210
         urd     0.6000    1.0000    0.7500         3
         uzb     0.0000    0.0000    0.0000         2
         vie     0.9231    1.0000    0.9600        12
         vol     0.0000    0.0000    0.0000         3
         war     0.3333    0.3333    0.3333         3
         wuu     1.0000    0.7500    0.8571         4
         xal     0.0000    0.0000    0.0000         1
         yid     1.0000    1.0000    1.0000         3
         yue     0.8000    1.0000    0.8889         4
         zlm     0.0000    0.0000    0.0000         1
         zsm     0.0000    0.0000    0.0000         4
         zza     0.0000    0.0000    0.0000         2

    accuracy                         0.9600     10000
   macro avg     0.4691    0.4808    0.4623     10000
weighted avg     0.9532    0.9600    0.9552     10000
